Afghanistan 8967 0.23 5 0.00 530 80 464 15 239 Regression
Albania 1914 0.05 13 0.01 6685 569 6181 65 3412 Regression
Algeria 17504 0.46 47 0.04 2670 970 1825 125 1072 Regression
Angola 7233 0.19 1 0.00 183 78 114 9 80 Regression
Argentina 23677 0.62 256 0.22 10800 3027 8775 1002 4008 Regression
Armenia 2003 0.05 4 0.00 2179 345 1871 37 956 Regression
Australia 13989 0.37 1560 1.34 111488 50835 82448 21795 59090 Original
Austria 6284 0.16 681 0.59 108412 47000 75397 13985 27916 Original
Azerbaijan 4944 0.13 6 0.01 1287 85 1219 17 576 Regression
Bahamas 189 0.00 8 0.01 44469 30725 32186 18442 2614 Regression
Bahrain 451 0.01 20 0.02 44522 25606 21723 2807 3609 Regression
Bangladesh 69309 1.81 68 0.06 978 126 891 39 432 Regression
Barbados 195 0.01 6 0.01 31270 11462 25811 6003 10548 Regression
Belarus 7266 0.19 12 0.01 1634 191 1476 33 849 Regression
Belgium 7925 0.21 1029 0.88 129843 82038 59597 11792 72399 Original
Belize 126 0.00 1 0.00 7621 2098 6541 1018 2497 Regression
Benin 3194 0.08 2 0.00 576 183 411 18 256 Regression
Bolivia 4539 0.12 9 0.01 1882 920 1177 216 518 Regression
BosniaandHerzegovina 2723 0.07 21 0.02 7839 718 7405 283 3967 Regression
Botswana 848 0.02 2 0.00 2413 2472 298 357 1046 Regression
Brazil 108363 2.83 511 0.44 4717 3218 2929 1431 1288 Regression
BritishCaribbean 395 0.01 5 0.00 12657 2626 12989 2958 4220 Regression
Brunei 210 0.01 6 0.00 26836 9400 20309 2873 2540 Regression
Bulgaria 6189 0.16 27 0.02 4310 859 3566 115 2203 Regression
BurkinaFaso 5107 0.13 1 0.00 244 74 185 14 109 Regression
Burundi 2552 0.07 0 0.00 180 32 159 11 82 Regression
Cambodia 5816 0.15 4 0.00 635 116 537 18 270 Regression
Cameroon 7079 0.19 4 0.00 632 352 324 44 274 Regression
Canada 23109 0.60 2485 2.14 107529 68119 58399 18989 32861 Original
CentralAfricanRepublic 1720 0.04 0 0.00 141 97 58 14 59 Regression
Chad 3578 0.09 1 0.00 192 73 133 13 84 Regression
Chile 10124 0.26 201 0.17 19899 10537 11027 1665 5274 Regression
China 881964 23.07 4136 3.56 4689 1778 3018 107 2508 Original
Colombia 23654 0.62 91 0.08 3827 1229 3142 544 1053 Regression
Comoros 255 0.01 0 0.00 1835 431 1460 56 808 Regression
CongoDemRep. 21613 0.57 3 0.00 119 45 76 1 50 Regression
CongoRep 1541 0.04 0 0.00 321 208 166 53 134 Regression
CostaRica 2441 0.06 27 0.02 11176 2378 9591 792 3279 Regression
Croatia 3358 0.09 63 0.05 18771 5131 14818 1179 9609 Regression
Cyprus 494 0.01 28 0.02 57008 39333 36281 18606 20995 Regression
Czechia 7982 0.21 96 0.08 11966 5765 8007 1806 6247 Original
Denmark 4120 0.11 434 0.37 105292 71160 73090 38957 43602 Original
Djibouti 361 0.01 0 0.00 991 547 570 126 479 Regression
DutchCaribbean 188 0.00 6 0.01 33531 9686 28204 4359 11065 Regression
Ecuador 7218 0.19 38 0.03 5221 977 4545 301 1470 Regression
Egypt 37395 0.98 177 0.15 4728 937 4104 312 1524 Regression
ElSalvador 3212 0.08 27 0.02 8365 2666 6326 627 2396 Regression
EquatorialGuinea 319 0.01 0 0.00 679 438 274 33 291 Regression
Eritrea 1045 0.03 0 0.00 313 54 290 31 131 Regression
Estonia 1051 0.03 19 0.02 18507 3376 15874 742 9193 Original
Ethiopia 29529 0.77 4 0.00 121 19 111 9 55 Regression
Fiji 455 0.01 2 0.00 4126 545 3786 205 1900 Regression
Finland 3951 0.10 283 0.24 71692 29950 52634 10892 39455 Original
France 44454 1.16 4645 3.99 104490 51521 67241 14273 49200 Original
FrenchCaribbean 591 0.02 14 0.01 23026 8845 17284 3102 5965 Regression
Gabon 622 0.02 3 0.00 4625 3947 1014 336 2172 Regression
Gambia 590 0.02 0 0.00 793 244 585 35 352 Regression
Georgia 3062 0.08 6 0.01 1987 327 1684 24 864 Regression
Germany 64301 1.68 5990 5.15 93151 47818 66173 20841 13855 Original
Ghana 9428 0.25 4 0.00 390 82 322 15 173 Regression
Greece 8779 0.23 605 0.52 68907 21235 51448 3777 33631 Original
Guinea 3616 0.09 1 0.00 263 74 200 10 114 Regression
GuineaBissau 541 0.01 0 0.00 423 157 269 3 200 Regression
Guyana 412 0.01 1 0.00 1254 256 1179 180 441 Regression
Haiti 4225 0.11 6 0.00 1309 674 714 80 355 Regression
HongKong 5169 0.14 801 0.69 154994 107077 70456 22538 58682 Regression
Hungary 7874 0.21 105 0.09 13367 5357 8866 856 5977 Original
Iceland 198 0.01 20 0.02 101888 62449 77244 37805 71641 Regression
India 601948 15.75 1733 1.49 2879 738 2329 188 861 Regression
Indonesia 128333 3.36 358 0.31 2789 360 2476 47 754 Regression
Iran 36620 0.96 119 0.10 3255 179 3250 175 1384 Regression
Iraq 11386 0.30 20 0.02 1763 209 1562 7 799 Regression
Ireland 2733 0.07 335 0.29 122673 54341 87728 19396 47687 Original
Israel 3877 0.10 297 0.26 76683 63015 29384 15716 29373 Original
Italy 45948 1.20 5368 4.62 116824 57576 68031 8784 58415 Original
Jamaica 1578 0.04 13 0.01 8421 2209 6740 528 2390 Regression
Japan 101947 2.67 16324 14.04 160121 103273 86528 29680 78123 Original
Jordan 2619 0.07 18 0.02 7006 3508 4476 977 3100 Regression
Kazakhstan 9519 0.25 27 0.02 2846 723 2174 52 1275 Regression
Kenya 14371 0.38 7 0.01 492 196 360 64 210 Regression
Korea 34686 0.91 1739 1.50 50133 19104 39698 8669 20324 Original
Kuwait 1361 0.04 82 0.07 59893 43217 21010 4334 9378 Regression
Kyrgyzstan 2751 0.07 2 0.00 741 58 690 7 324 Regression
Laos 2523 0.07 2 0.00 659 144 541 26 264 Regression
Latvia 1769 0.05 12 0.01 6854 1985 5156 287 3268 Original
Lebanon 2435 0.06 49 0.04 19959 4471 16919 1431 4909 Regression
Lesotho 984 0.03 0 0.00 324 181 178 35 139 Regression
Liberia 1387 0.04 2 0.00 1255 536 730 11 549 Regression
Libya 3065 0.08 32 0.03 10374 5780 5126 531 4280 Regression
Lithuania 2538 0.07 23 0.02 8926 2009 7034 117 4523 Original
Luxembourg 333 0.01 62 0.05 186490 80349 133899 27758 96854 Original
Madagascar 7340 0.19 4 0.00 554 67 504 17 243 Regression
Malawi 4988 0.13 1 0.00 188 125 70 6 81 Regression
Malaysia 13760 0.36 105 0.09 7658 1632 7887 1861 1748 Regression
Maldives 142 0.00 1 0.00 4253 182 4197 125 1901 Regression
Mali 4853 0.13 1 0.00 258 109 168 20 115 Regression
Malta 292 0.01 15 0.01 50998 26580 29238 4821 28592 Regression
Mauritania 1252 0.03 1 0.00 843 183 710 50 380 Regression
Mauritius 796 0.02 8 0.01 10306 4946 6126 765 5059 Regression
Melanesia 435 0.01 4 0.00 10279 1975 9305 1001 4804 Regression
Mexico 56992 1.49 1037 0.89 18199 8090 10613 503 5485 Regression
Micronesia 267 0.01 1 0.00 4546 860 4128 442 2109 Regression
Moldova 2852 0.07 3 0.00 1035 164 894 23 504 Regression
Mongolia 1342 0.04 1 0.00 895 92 836 34 400 Regression
Montenegro 435 0.01 3 0.00 7558 1722 6075 239 3922 Regression
Morocco 16719 0.44 58 0.05 3482 973 2804 294 1534 Regression
Mozambique 8257 0.22 1 0.00 159 60 116 17 70 Regression
Myanmar 27181 0.71 37 0.03 1346 323 1027 5 629 Regression
Namibia 868 0.02 2 0.00 2485 2191 855 560 1077 Regression
Nepal 12047 0.32 7 0.01 592 87 544 40 253 Regression
Netherlands 12153 0.32 1603 1.38 131900 87536 78590 34226 37921 Original
NewZealand 2769 0.07 207 0.18 74819 54926 29528 9634 27974 Original
Nicaragua 2570 0.07 11 0.01 4464 650 3974 160 1259 Regression
Niger 4962 0.13 1 0.00 168 46 129 7 76 Regression
Nigeria 57880 1.51 15 0.01 259 151 131 22 112 Regression
Norway 3358 0.09 332 0.29 98815 45473 85097 31755 21940 Original
Oman 1227 0.03 25 0.02 19982 7941 13439 1398 7995 Regression
Pakistan 70758 1.85 75 0.06 1056 242 838 24 474 Regression
Panama 1838 0.05 17 0.01 9417 2906 7666 1154 2631 Regression
PapuaNewGuinea 3007 0.08 2 0.00 736 189 580 34 292 Regression
Paraguay 2810 0.07 7 0.01 2640 546 2331 237 741 Regression
Peru 15064 0.39 61 0.05 4059 1543 2781 266 1156 Regression
Philippines 41363 1.08 105 0.09 2550 884 1884 218 520 Regression
Poland 28115 0.74 451 0.39 16038 3313 13618 893 8127 Regression
Polynesia 341 0.01 4 0.00 12949 2165 12160 1376 5994 Regression
Portugal 8061 0.21 416 0.36 51575 25875 37292 11592 24334 Regression
Qatar 430 0.01 12 0.01 27995 14360 15681 2045 18221 Regression
Romania 16318 0.43 84 0.07 5162 819 4381 38 2648 Regression
Russia 107945 2.82 327 0.28 3032 1272 1802 42 666 Regression
Rwanda 3662 0.10 1 0.00 178 53 141 16 77 Regression
SaoTomeandPrincipe 64 0.00 0 0.00 2046 731 1354 39 994 Regression
SaudiArabia 11496 0.30 236 0.20 20534 9785 12279 1530 2719 Regression
Senegal 4476 0.12 5 0.00 1174 364 862 52 517 Regression
Serbia 5466 0.14 26 0.02 4798 563 4416 181 2403 Regression
Seychelles 52 0.00 1 0.00 12258 4204 8840 786 5907 Regression
SierraLeone 2190 0.06 0 0.00 107 71 40 4 48 Regression
Singapore 3064 0.08 294 0.25 96083 60177 61744 25838 35888 Original
Slovakia 3949 0.10 61 0.05 15376 4247 12092 964 11380 Original
Slovenia 1550 0.04 54 0.05 34767 10034 27160 2428 22164 Original
SouthAfrica 25590 0.67 175 0.15 6822 5501 2539 1218 1877 Original
Spain 33084 0.87 2709 2.33 81890 28265 63741 10116 43981 Original
SriLanka 12192 0.32 32 0.03 2661 307 2568 214 1158 Regression
Sudan 12948 0.34 11 0.01 833 97 746 10 377 Regression
Suriname 279 0.01 1 0.00 1942 512 1537 107 609 Regression
Sweden 6778 0.18 471 0.41 69504 53628 34737 18862 22517 Original
Switzerland 5545 0.15 1211 1.04 218408 168226 103052 52871 38897 Original
Syria 8047 0.21 31 0.03 3792 212 3601 21 1648 Regression
Taiwan 15849 0.41 1429 1.23 90178 65714 40993 16529 42567 Regression
Tajikistan 2988 0.08 1 0.00 493 36 462 5 220 Regression
Tanzania 15459 0.40 7 0.01 421 122 316 16 191 Regression
Thailand 43687 1.14 252 0.22 5766 2164 4410 807 2050 Regression
TimorLeste 411 0.01 1 0.00 1393 276 1129 12 702 Regression
Togo 2340 0.06 1 0.00 354 121 252 19 153 Regression
TrinidadandTobago 824 0.02 7 0.01 8445 3941 5993 1489 2985 Regression
Tunisia 5989 0.16 44 0.04 7283 1629 6003 349 3233 Regression
Turkey 38877 1.02 294 0.25 7554 1893 5787 126 2138 Regression
Turkmenistan 2479 0.06 3 0.00 1300 80 1234 14 593 Regression
Uganda 9747 0.25 2 0.00 187 58 143 14 82 Regression
Ukraine 36615 0.96 41 0.04 1128 165 986 23 568 Regression
UnitedArabEmirates 2356 0.06 338 0.29 143611 82459 66504 5352 41802 Regression
UnitedKingdom 44565 1.17 6585 5.66 147760 106241 69216 27697 64958 Original
UnitedStates 204165 5.34 45059 38.74 220699 169606 88285 37192 48812 Original
Uruguay 2265 0.06 42 0.04 18564 5514 14981 1931 5511 Regression
Venezuela 14070 0.37 116 0.10 8233 3778 4517 62 2390 Regression
Vietnam 48196 1.26 68 0.06 1406 82 1369 45 603 Regression
Yemen 7343 0.19 7 0.01 915 184 750 19 356 Regression
Zambia 4555 0.12 1 0.00 267 158 133 24 110 Regression
Zimbabwe 5444 0.14 2 0.00 421 397 134 110 184 Regression
