Afghanistan 9901 0.25 6 0.00 601 160 461 20 277 Regression
Albania 1937 0.05 22 0.01 11559 1052 10630 123 5997 Regression
Algeria 18688 0.47 66 0.04 3551 1253 2492 193 1420 Regression
Angola 7757 0.20 5 0.00 599 309 324 34 264 Regression
Argentina 24367 0.61 155 0.10 6372 1720 4910 258 2309 Regression
Armenia 2024 0.05 6 0.00 3186 714 2525 54 1437 Regression
Australia 14407 0.36 2954 1.93 205021 85834 160594 41407 118660 Original
Austria 6373 0.16 1058 0.69 166034 72145 115357 21469 46230 Original
Azerbaijan 5166 0.13 10 0.01 1875 135 1768 28 868 Regression
Bahamas 198 0.00 9 0.01 47132 36964 33348 23180 3437 Regression
Bahrain 524 0.01 26 0.02 48897 28871 23168 3142 4686 Regression
Bangladesh 73331 1.85 93 0.06 1275 182 1142 49 571 Regression
Barbados 198 0.00 7 0.00 33352 13772 25940 6360 11301 Regression
Belarus 7287 0.18 21 0.01 2904 411 2588 96 1544 Regression
Belgium 8022 0.20 1553 1.02 193598 115348 96285 18035 112165 Original
Belize 136 0.00 1 0.00 8803 2823 7459 1480 2857 Regression
Benin 3413 0.09 3 0.00 934 269 703 38 424 Regression
Bolivia 4761 0.12 10 0.01 2026 1005 1259 238 559 Regression
BosniaandHerzegovina 2776 0.07 42 0.03 15163 1649 14212 698 7826 Regression
Botswana 899 0.02 3 0.00 3857 3858 659 661 1658 Regression
Brazil 113716 2.87 640 0.42 5632 3466 3489 1323 1542 Regression
BritishCaribbean 415 0.01 7 0.00 17141 3729 16762 3351 5706 Regression
Brunei 222 0.01 8 0.01 37300 13033 28525 4258 4205 Regression
Bulgaria 6156 0.16 47 0.03 7682 1631 6384 333 4001 Regression
BurkinaFaso 5441 0.14 2 0.00 428 115 340 27 195 Regression
Burundi 2768 0.07 0 0.00 159 34 137 12 74 Regression
Cambodia 6356 0.16 6 0.00 884 168 743 27 381 Regression
Cameroon 7522 0.19 8 0.01 1093 560 598 65 481 Regression
Canada 23767 0.60 3369 2.21 141749 87249 81073 26573 45953 Original
CentralAfricanRepublic 1787 0.05 0 0.00 191 129 81 19 80 Regression
Chad 3846 0.10 1 0.00 274 107 184 17 121 Regression
Chile 10489 0.26 234 0.15 22281 11888 12239 1846 5898 Original
China 907276 22.88 5668 3.71 6247 2455 4040 249 3006 Original
Colombia 24770 0.62 95 0.06 3826 1354 3054 582 959 Regression
Comoros 271 0.01 1 0.00 2976 666 2405 95 1300 Regression
CongoDemRep 22925 0.58 5 0.00 208 59 151 2 88 Regression
CongoRep 1645 0.04 1 0.00 353 170 205 22 148 Regression
CostaRica 2578 0.07 33 0.02 12661 2900 10783 1022 3758 Regression
Croatia 3387 0.09 104 0.07 30646 7559 25724 2637 16024 Regression
Cyprus 514 0.01 47 0.03 91527 56081 59140 23694 34210 Regression
Czechia 8035 0.20 139 0.09 17295 8780 11616 3102 9234 Original
Denmark 4124 0.10 666 0.44 161468 113379 111205 63116 63886 Original
Djibouti 379 0.01 0 0.00 1053 608 573 128 516 Regression
DutchCaribbean 192 0.00 8 0.01 40117 13123 32564 5570 13849 Regression
Ecuador 7579 0.19 53 0.03 6996 1856 5536 395 1978 Regression
Egypt 39689 1.00 162 0.11 4088 993 3389 294 1060 Regression
ElSalvador 3286 0.08 34 0.02 10340 3819 7326 804 3010 Regression
EquatorialGuinea 354 0.01 0 0.00 1324 824 593 92 560 Regression
Eritrea 1211 0.03 1 0.00 516 101 467 52 216 Regression
Estonia 1048 0.03 28 0.02 26486 6764 21628 1905 13376 Original
Ethiopia 31404 0.79 5 0.00 172 26 157 11 81 Regression
Fiji 477 0.01 3 0.00 6347 845 5890 388 2909 Regression
Finland 3994 0.10 374 0.24 93632 41583 68981 16932 52579 Original
France 45263 1.14 7979 5.22 176284 78344 120495 22555 87032 Original
FrenchCaribbean 592 0.01 21 0.01 35124 14829 24882 4587 9642 Regression
Gabon 661 0.02 4 0.00 6458 5383 1585 510 3056 Regression
Gambia 627 0.02 0 0.00 676 252 460 35 298 Regression
Georgia 3062 0.08 8 0.01 2747 529 2261 42 1216 Regression
Germany 64809 1.63 8955 5.86 138182 71379 97082 30279 21055 Original
Ghana 10025 0.25 7 0.00 663 167 524 28 301 Regression
Greece 8909 0.22 841 0.55 94412 26485 75016 7089 54230 Original
Guinea 3724 0.09 1 0.00 350 91 273 13 155 Regression
GuineaBissau 573 0.01 0 0.00 527 188 345 6 251 Regression
Guyana 410 0.01 1 0.00 1352 335 1231 213 481 Regression
Haiti 4464 0.11 3 0.00 611 358 304 50 164 Regression
HongKong 5283 0.13 881 0.58 166815 123189 65435 21809 53740 Regression
Hungary 7885 0.20 154 0.10 19574 8854 13016 2297 8874 Original
Iceland 203 0.01 39 0.03 192949 104489 139803 51343 136983 Regression
India 632247 15.94 2432 1.59 3847 981 3119 252 1114 Regression
Indonesia 133203 3.36 650 0.43 4883 746 4233 96 1443 Regression
Iran 39702 1.00 178 0.12 4488 446 4223 181 1926 Regression
Iraq 12159 0.31 21 0.01 1764 266 1513 16 816 Regression
Ireland 2889 0.07 569 0.37 197109 87607 148462 38960 77515 Original
Israel 4044 0.10 383 0.25 94582 78027 31854 15299 34571 Original
Italy 46653 1.18 8694 5.69 186354 86940 114234 14820 114360 Original
Jamaica 1620 0.04 16 0.01 9821 3429 7219 827 2803 Regression
Japan 103095 2.60 19816 12.97 192216 132038 95180 35003 97023 Original
Jordan 2789 0.07 24 0.02 8726 4803 4929 1006 3914 Regression
Kazakhstan 9790 0.25 39 0.03 4009 1107 3010 107 1835 Regression
Kenya 15410 0.39 11 0.01 705 294 491 80 306 Regression
Korea 35748 0.90 2399 1.57 67117 27325 52854 13062 27409 Original
Kuwait 1438 0.04 134 0.09 92973 67651 32420 7099 15852 Regression
Kyrgyzstan 2838 0.07 3 0.00 1213 151 1076 15 538 Regression
Laos 2643 0.07 2 0.00 812 165 672 25 317 Regression
Latvia 1751 0.04 24 0.02 13962 3457 11286 781 6773 Original
Lebanon 2667 0.07 65 0.04 24251 5980 20092 1821 8142 Regression
Lesotho 998 0.03 1 0.00 519 234 330 45 219 Regression
Liberia 1447 0.04 2 0.00 1292 652 653 13 574 Regression
Libya 3260 0.08 24 0.02 7310 3743 3962 395 2985 Regression
Lithuania 2534 0.06 37 0.02 14750 3844 11638 732 7609 Original
Luxembourg 339 0.01 92 0.06 271101 116291 191934 37125 143115 Original
Madagascar 7834 0.20 7 0.00 841 105 761 26 376 Regression
Malawi 5179 0.13 1 0.00 239 88 162 11 105 Regression
Malaysia 14610 0.37 142 0.09 9706 2291 9612 2198 2304 Regression
Maldives 161 0.00 1 0.00 5431 180 5385 134 2434 Regression
Mali 5170 0.13 2 0.00 401 163 272 33 183 Regression
Malta 300 0.01 22 0.01 73101 42364 39776 9040 41501 Regression
Mauritania 1340 0.03 1 0.00 1074 243 902 71 494 Regression
Mauritius 812 0.02 13 0.01 16300 7861 9552 1112 8134 Regression
Melanesia 460 0.01 6 0.00 12812 2260 11964 1413 5973 Regression
Mexico 59786 1.51 1068 0.70 17859 7972 10505 618 5516 Original
Micronesia 272 0.01 1 0.00 5409 922 4910 423 2495 Regression
Moldova 2920 0.07 5 0.00 1663 316 1399 52 823 Regression
Mongolia 1415 0.04 2 0.00 1105 139 1059 92 502 Regression
Montenegro 441 0.01 5 0.00 12423 3036 9921 534 6594 Regression
Morocco 17561 0.44 96 0.06 5495 1400 4568 474 2459 Regression
Mozambique 8723 0.22 2 0.00 285 108 202 25 127 Regression
Myanmar 28156 0.71 49 0.03 1728 395 1336 3 831 Regression
Namibia 912 0.02 3 0.00 3479 2933 1478 933 1486 Regression
Nepal 12585 0.32 9 0.01 748 112 684 48 323 Regression
Netherlands 12280 0.31 2498 1.64 203404 135597 125536 57730 57143 Original
NewZealand 2866 0.07 370 0.24 129229 86805 58850 16426 56886 Original
Nicaragua 2726 0.07 14 0.01 4998 850 4352 203 1421 Regression
Niger 5312 0.13 2 0.00 287 66 231 10 132 Regression
Nigeria 61067 1.54 45 0.03 729 499 280 50 319 Regression
Norway 3393 0.09 486 0.32 143229 70298 124127 51196 29802 Original
Oman 1320 0.03 34 0.02 26091 11129 16729 1767 10356 Regression
Pakistan 75105 1.89 104 0.07 1378 346 1069 37 631 Regression
Panama 1934 0.05 22 0.01 11324 3935 8834 1445 3177 Regression
PapuaNewGuinea 3165 0.08 3 0.00 1104 250 895 40 438 Regression
Paraguay 2981 0.08 7 0.00 2457 525 2111 178 695 Regression
Peru 15650 0.39 82 0.05 5259 2145 3452 338 1515 Regression
Philippines 43529 1.10 140 0.09 3210 1193 2269 251 856 Regression
Poland 28687 0.72 602 0.39 20975 5493 16555 1074 10737 Regression
Polynesia 354 0.01 7 0.00 19728 3084 18820 2176 9083 Regression
Portugal 8200 0.21 664 0.43 80954 36147 60831 16024 36667 Regression
Qatar 508 0.01 25 0.02 49668 29462 23527 3321 32400 Regression
Romania 16333 0.41 142 0.09 8677 1307 7589 218 4522 Regression
Russia 108828 2.74 502 0.33 4609 1985 2747 123 698 Regression
Rwanda 3858 0.10 1 0.00 275 71 223 20 120 Regression
SaoTomeandPrincipe 67 0.00 0 0.00 2433 1048 1485 100 1199 Regression
SaudiArabia 12547 0.32 311 0.20 24775 12394 14325 1943 3833 Regression
Senegal 4759 0.12 9 0.01 1950 523 1516 90 874 Regression
Serbia 5491 0.14 49 0.03 8846 1331 7816 302 4525 Regression
Seychelles 56 0.00 1 0.00 10530 4586 6915 970 5145 Regression
SierraLeone 2403 0.06 0 0.00 175 119 63 6 81 Regression
Singapore 3128 0.08 359 0.24 114842 74587 69670 29416 41851 Original
Slovakia 4024 0.10 99 0.06 24548 5255 21048 1755 18289 Original
Slovenia 1573 0.04 89 0.06 56500 16720 43527 3747 36491 Original
SouthAfrica 26803 0.68 388 0.25 14457 10844 6226 2613 4442 Original
Spain 34421 0.87 5389 3.53 156563 45188 129934 18558 88301 Original
SriLanka 12584 0.32 52 0.03 4097 497 3877 276 1817 Regression
Sudan 13708 0.35 16 0.01 1145 159 1008 22 532 Regression
Suriname 289 0.01 1 0.00 4645 1405 3670 430 1428 Regression
Sweden 6819 0.17 835 0.55 122506 92370 62230 32095 38262 Original
Switzerland 5652 0.14 1654 1.08 292662 228133 141240 76712 54939 Original
Syria 8545 0.22 33 0.02 3845 270 3605 29 1695 Regression
Taiwan 16409 0.41 1634 1.07 99554 72369 43213 16028 43992 Regression
Tajikistan 3183 0.08 3 0.00 887 70 824 7 402 Regression
Tanzania 16336 0.41 9 0.01 565 176 415 26 263 Regression
Thailand 45276 1.14 386 0.25 8518 3257 6452 1192 3146 Regression
TimorLeste 431 0.01 1 0.00 1591 348 1281 38 832 Regression
Togo 2485 0.06 1 0.00 511 158 385 32 225 Regression
TrinidadandTobago 861 0.02 11 0.01 12963 6596 8488 2121 4627 Regression
Tunisia 6254 0.16 66 0.04 10586 2365 8777 556 4800 Regression
Turkey 40778 1.03 669 0.44 16418 2713 14024 320 5428 Regression
Turkmenistan 2570 0.06 7 0.00 2536 232 2336 31 1171 Regression
Uganda 10358 0.26 3 0.00 263 79 203 20 118 Regression
Ukraine 36596 0.92 61 0.04 1657 341 1416 100 858 Regression
UnitedArabEmirates 2841 0.07 558 0.37 196267 123718 78841 6292 45481 Regression
UnitedKingdom 45101 1.14 9602 6.29 212891 137231 118910 43249 98649 Original
UnitedStates 208379 5.25 50249 32.90 241140 183407 102851 45117 52724 Original
Uruguay 2271 0.06 26 0.02 11238 3671 8498 930 3377 Regression
Venezuela 14814 0.37 87 0.06 5879 3067 2858 47 1745 Regression
Vietnam 50446 1.27 95 0.06 1875 118 1832 75 812 Regression
Yemen 7915 0.20 9 0.01 1113 243 898 28 426 Regression
Zambia 4780 0.12 2 0.00 365 220 173 28 149 Regression
Zimbabwe 5489 0.14 2 0.00 413 464 121 172 183 Regression
