Afghanistan 10372 0.26 7 0.00 686 157 550 22 318 Regression
Albania 1947 0.05 28 0.02 14480 1312 13386 217 7409 Regression
Algeria 19293 0.48 86 0.05 4438 1490 3198 250 1731 Regression
Angola 8046 0.20 7 0.00 862 399 515 52 375 Regression
Argentina 24717 0.61 210 0.12 8496 2473 6344 322 3037 Regression
Armenia 2034 0.05 9 0.00 4225 799 3508 82 1926 Regression
Australia 14658 0.36 3404 1.94 232235 101765 178913 48443 133898 Original
Austria 6421 0.16 1214 0.69 189059 82201 131341 24483 52326 Original
Azerbaijan 5294 0.13 12 0.01 2188 147 2084 43 1028 Regression
Bahamas 202 0.00 10 0.01 48255 35820 35486 23051 4785 Regression
Bahrain 571 0.01 29 0.02 50194 29159 24872 3837 4847 Regression
Bangladesh 75315 1.86 106 0.06 1409 210 1257 57 632 Regression
Barbados 199 0.00 8 0.00 40435 16697 31727 7989 16254 Regression
Belarus 7300 0.18 28 0.02 3901 517 3532 149 2054 Regression
Belgium 8081 0.20 1824 1.04 225661 134090 112496 20926 131284 Original
Belize 141 0.00 1 0.00 8992 2754 7824 1586 3455 Regression
Benin 3528 0.09 4 0.00 1024 303 768 46 461 Regression
Bolivia 4876 0.12 11 0.01 2222 1039 1433 249 747 Regression
BosniaandHerzegovina 2801 0.07 47 0.03 16737 1865 15711 839 8537 Regression
Botswana 925 0.02 5 0.00 5137 5197 818 878 2172 Regression
Brazil 116350 2.88 833 0.48 7161 4428 4484 1751 1935 Regression
BritishCaribbean 426 0.01 8 0.00 18757 3847 18427 3516 7406 Regression
Brunei 228 0.01 10 0.01 44675 14686 35077 5088 5258 Regression
Bulgaria 6139 0.15 60 0.03 9788 2117 8253 582 5035 Regression
BurkinaFaso 5620 0.14 3 0.00 478 136 378 36 215 Regression
Burundi 2893 0.07 1 0.00 202 35 180 13 94 Regression
Cambodia 6625 0.16 7 0.00 1121 189 969 37 484 Regression
Cameroon 7762 0.19 10 0.01 1281 639 711 68 556 Regression
Canada 24124 0.60 3825 2.18 158564 99541 90172 31149 52799 Original
CentralAfricanRepublic 1822 0.05 0 0.00 226 152 98 25 93 Regression
Chad 3989 0.10 2 0.00 482 155 349 22 211 Regression
Chile 10680 0.26 282 0.16 26414 14666 14268 2520 7151 Original
China 921626 22.81 6840 3.90 7421 2977 4792 348 3506 Original
Colombia 25336 0.63 137 0.08 5406 1782 4424 800 1427 Regression
Comoros 280 0.01 1 0.00 3235 796 2542 103 1391 Regression
CongoDemRep 23648 0.59 6 0.00 250 63 191 4 104 Regression
CongoRep 1701 0.04 1 0.00 797 352 472 26 329 Regression
CostaRica 2648 0.07 38 0.02 14193 3569 11755 1131 5105 Regression
Croatia 3401 0.08 125 0.07 36825 9417 30889 3481 19044 Regression
Cyprus 526 0.01 54 0.03 102385 61916 68417 27948 37704 Regression
Czechia 8073 0.20 184 0.11 22850 12016 13309 2474 12077 Original
Denmark 4129 0.10 770 0.44 186435 141463 121155 76183 77461 Original
Djibouti 389 0.01 0 0.00 1173 659 656 141 572 Regression
DutchCaribbean 196 0.00 9 0.00 44181 13355 36835 6009 17908 Regression
Ecuador 7764 0.19 60 0.03 7784 2051 6231 498 2669 Regression
Egypt 40883 1.01 157 0.09 3828 882 3249 303 1019 Regression
ElSalvador 3321 0.08 37 0.02 11243 4121 8021 899 3988 Regression
EquatorialGuinea 374 0.01 1 0.00 2987 2150 1022 185 1239 Regression
Eritrea 1299 0.03 1 0.00 788 145 716 74 322 Regression
Estonia 1048 0.03 35 0.02 33508 8724 27677 2893 16665 Original
Ethiopia 32361 0.80 8 0.00 233 29 218 13 109 Regression
Fiji 488 0.01 3 0.00 6933 980 6460 507 3150 Regression
Finland 4016 0.10 436 0.25 108655 49432 80783 21560 60595 Original
France 45667 1.13 9833 5.61 215328 88994 151727 25393 107301 Original
FrenchCaribbean 592 0.01 26 0.01 43773 18106 31273 5606 14502 Regression
Gabon 683 0.02 5 0.00 7073 5842 1772 542 3322 Regression
Gambia 649 0.02 1 0.00 819 257 600 37 356 Regression
Georgia 3066 0.08 11 0.01 3658 617 3100 60 1625 Regression
Germany 65037 1.61 10027 5.72 154167 80067 106766 32666 22394 Original
Ghana 10348 0.26 8 0.00 749 187 598 36 337 Regression
Greece 8942 0.22 991 0.57 110798 33624 86848 9674 66079 Original
Guinea 3785 0.09 2 0.00 411 118 309 16 180 Regression
GuineaBissau 591 0.01 0 0.00 623 224 408 9 294 Regression
Guyana 408 0.01 1 0.00 1444 351 1337 244 608 Regression
Haiti 4587 0.11 3 0.00 596 279 375 58 194 Regression
HongKong 5337 0.13 980 0.56 183567 128577 77168 22178 58369 Regression
Hungary 7888 0.20 185 0.11 23393 11198 15390 3196 10472 Original
Iceland 207 0.01 48 0.03 234084 126636 169954 62506 165848 Regression
India 647807 16.03 2935 1.67 4530 1155 3688 312 1294 Regression
Indonesia 135440 3.35 684 0.39 5050 878 4283 111 1482 Regression
Iran 41265 1.02 226 0.13 5483 551 5184 251 2351 Regression
Iraq 12521 0.31 33 0.02 2658 188 2489 18 1236 Regression
Ireland 2968 0.07 660 0.38 222242 104857 169579 52193 86500 Original
Israel 4134 0.10 416 0.24 100701 83578 33681 16558 36059 Original
Italy 46984 1.16 10014 5.71 213131 99938 130676 17483 133548 Original
Jamaica 1641 0.04 19 0.01 11455 3793 8680 1018 3968 Regression
Japan 103589 2.56 20131 11.48 194339 136265 93877 35803 98188 Original
Jordan 2895 0.07 31 0.02 10793 5888 6075 1170 4847 Regression
Kazakhstan 9953 0.25 58 0.03 5810 1478 4584 253 1329 Regression
Kenya 15957 0.39 12 0.01 768 300 561 93 329 Regression
Korea 36209 0.90 3035 1.73 83828 32962 66300 15433 33920 Original
Kuwait 1493 0.04 147 0.08 98264 72142 34377 8254 17440 Regression
Kyrgyzstan 2889 0.07 4 0.00 1329 169 1183 22 591 Regression
Laos 2710 0.07 3 0.00 952 195 787 30 363 Regression
Latvia 1743 0.04 31 0.02 17662 4459 14756 1552 8422 Original
Lebanon 2769 0.07 72 0.04 25834 5917 21860 1942 5750 Regression
Lesotho 1005 0.02 1 0.00 666 333 389 56 260 Regression
Liberia 1483 0.04 2 0.00 1050 379 691 20 461 Regression
Libya 3359 0.08 33 0.02 9783 5089 5199 505 3879 Regression
Lithuania 2528 0.06 48 0.03 18977 5644 14231 898 9660 Original
Luxembourg 343 0.01 111 0.06 322891 138971 228154 44234 167842 Original
Madagascar 8094 0.20 5 0.00 584 105 502 23 258 Regression
Malawi 5292 0.13 2 0.00 307 97 224 14 133 Regression
Malaysia 15065 0.37 166 0.09 11020 2496 10982 2457 2624 Regression
Maldives 171 0.00 1 0.00 5349 180 5351 182 2389 Regression
Mali 5341 0.13 3 0.00 476 186 335 45 215 Regression
Malta 303 0.01 25 0.01 83830 48556 46039 10765 46998 Regression
Mauritania 1388 0.03 2 0.00 1154 264 1004 115 526 Regression
Mauritius 820 0.02 16 0.01 20005 10169 11254 1418 9958 Regression
Melanesia 473 0.01 7 0.00 14080 2491 13264 1675 6515 Regression
Mexico 61212 1.51 1182 0.67 19311 8806 11182 678 4871 Original
Micronesia 274 0.01 2 0.00 5470 954 4984 468 2500 Regression
Moldova 2955 0.07 7 0.00 2323 396 2010 82 1132 Regression
Mongolia 1456 0.04 2 0.00 1366 142 1346 122 621 Regression
Montenegro 444 0.01 6 0.00 14541 3837 11497 793 7635 Regression
Morocco 17973 0.44 115 0.07 6377 1727 5198 549 2815 Regression
Mozambique 8968 0.22 3 0.00 356 111 272 27 157 Regression
Myanmar 28602 0.71 53 0.03 1860 444 1421 5 903 Regression
Namibia 935 0.02 4 0.00 4152 3728 1667 1243 1739 Regression
Nepal 12833 0.32 12 0.01 924 124 850 50 398 Regression
Netherlands 12347 0.31 2775 1.58 224766 148427 141905 65567 63731 Original
NewZealand 2915 0.07 471 0.27 161531 106389 76262 21120 72619 Original
Nicaragua 2804 0.07 16 0.01 5663 875 5032 244 1955 Regression
Niger 5496 0.14 2 0.00 314 75 251 12 144 Regression
Nigeria 62747 1.55 54 0.03 859 538 387 67 371 Regression
Norway 3417 0.08 588 0.34 172222 85725 149049 62553 38136 Original
Oman 1378 0.03 42 0.02 30168 12183 20111 2127 11853 Regression
Pakistan 77433 1.92 133 0.08 1717 461 1311 55 790 Regression
Panama 1983 0.05 26 0.01 13148 4466 10415 1733 4485 Regression
PapuaNewGuinea 3248 0.08 4 0.00 1256 296 1007 47 496 Regression
Paraguay 3067 0.08 11 0.01 3588 681 3149 242 1229 Regression
Peru 15926 0.39 94 0.05 5901 2268 4018 385 2067 Regression
Philippines 44640 1.10 160 0.09 3589 1270 2600 281 904 Regression
Poland 28952 0.72 784 0.45 27065 7638 20932 1505 9361 Regression
Polynesia 360 0.01 7 0.00 20228 3127 19396 2295 9228 Regression
Portugal 8263 0.20 776 0.44 93911 42477 70292 18858 44457 Regression
Qatar 583 0.01 40 0.02 69380 41608 32581 4808 45280 Regression
Romania 16320 0.40 197 0.11 12080 1966 10452 338 6204 Regression
Russia 109390 2.71 728 0.42 6658 2573 4337 252 1240 Regression
Rwanda 3964 0.10 1 0.00 352 75 301 24 151 Regression
SaoTomeandPrincipe 69 0.00 0 0.00 2233 1007 1378 153 1095 Regression
SaudiArabia 13114 0.32 348 0.20 26500 13128 15685 2313 4358 Regression
Senegal 4907 0.12 11 0.01 2280 629 1770 118 1011 Regression
Serbia 5502 0.14 58 0.03 10587 1981 9068 462 5357 Regression
Seychelles 58 0.00 1 0.00 21342 8298 14933 1889 10385 Regression
SierraLeone 2511 0.06 0 0.00 180 117 70 7 82 Regression
Singapore 3188 0.08 407 0.23 127581 84905 73278 30602 40411 Original
Slovakia 4059 0.10 124 0.07 30645 6758 26275 2388 22657 Original
Slovenia 1586 0.04 104 0.06 65647 20699 49382 4435 41973 Original
SouthAfrica 27431 0.68 556 0.32 20273 14601 9402 3730 6329 Original
Spain 35093 0.87 6912 3.94 196950 53207 166830 23087 112901 Original
SriLanka 12766 0.32 59 0.03 4643 565 4394 316 2068 Regression
Sudan 14090 0.35 19 0.01 1349 164 1214 29 622 Regression
Suriname 294 0.01 2 0.00 5259 1610 4183 534 1916 Regression
Sweden 6856 0.17 978 0.56 142623 106356 74279 38012 43309 Original
Switzerland 5717 0.14 1877 1.07 328403 254458 159375 85430 61377 Original
Syria 8850 0.22 47 0.03 5301 308 5035 42 2341 Regression
Taiwan 16673 0.41 1787 1.02 107175 77767 46884 17475 50055 Regression
Tajikistan 3294 0.08 4 0.00 1261 97 1177 12 573 Regression
Tanzania 16807 0.42 11 0.01 625 170 486 30 289 Regression
Thailand 46018 1.14 448 0.26 9728 3464 7582 1318 3473 Regression
TimorLeste 441 0.01 1 0.00 2670 238 2505 73 1392 Regression
Togo 2560 0.06 1 0.00 585 196 425 37 253 Regression
TrinidadandTobago 878 0.02 16 0.01 18609 10281 11132 2804 7854 Regression
Tunisia 6393 0.16 75 0.04 11772 2678 9757 663 5284 Regression
Turkey 41707 1.03 885 0.50 21222 3285 18534 597 6934 Regression
Turkmenistan 2624 0.06 8 0.00 3174 311 2908 45 1496 Regression
Uganda 10691 0.26 4 0.00 390 93 321 25 173 Regression
Ukraine 36597 0.91 82 0.05 2232 471 1910 150 326 Regression
UnitedArabEmirates 3242 0.08 785 0.45 242305 156159 93843 7698 48970 Regression
UnitedKingdom 45485 1.13 11437 6.52 251451 156787 146522 51858 117262 Original
UnitedStates 210687 5.21 57086 32.56 270953 205101 115796 49945 58982 Original
Uruguay 2275 0.06 33 0.02 14497 4434 10853 790 5275 Regression
Venezuela 15193 0.38 129 0.07 8495 3903 4657 65 3061 Regression
Vietnam 51624 1.28 118 0.07 2295 133 2264 102 993 Regression
Yemen 8236 0.20 11 0.01 1294 290 1039 35 489 Regression
Zambia 4898 0.12 2 0.00 451 254 236 39 179 Regression
Zimbabwe 5510 0.14 3 0.00 473 421 141 89 206 Regression
