Afghanistan 10765 0.26 8 0.00 773 154 643 24 329 Regression
Albania 1959 0.05 28 0.02 14343 1517 13173 347 7420 Regression
Algeria 19894 0.48 87 0.05 4351 1413 3194 256 1654 Regression
Angola 8345 0.20 9 0.00 1095 389 761 55 469 Regression
Argentina 25065 0.61 241 0.13 9620 2703 7332 415 3388 Regression
Armenia 2041 0.05 11 0.01 5434 967 4571 103 2292 Regression
Australia 14930 0.36 3480 1.90 233079 107547 175917 50385 126428 Original
Austria 6465 0.16 1130 0.62 174786 77120 121813 24147 49023 Original
Azerbaijan 5426 0.13 16 0.01 2977 133 2899 55 1299 Regression
Bahamas 206 0.01 10 0.01 47304 33942 39058 25696 4819 Regression
Bahrain 625 0.02 37 0.02 59288 33609 29950 4270 5086 Regression
Bangladesh 77215 1.88 110 0.06 1419 203 1276 60 581 Regression
Barbados 201 0.00 9 0.00 44071 17153 36037 9118 17608 Regression
Belarus 7314 0.18 34 0.02 4715 632 4280 197 2516 Regression
Belgium 8140 0.20 1714 0.94 210525 125570 104939 19985 117183 Original
Belize 146 0.00 1 0.00 8445 2355 7441 1352 3201 Regression
Benin 3642 0.09 4 0.00 1061 324 790 54 472 Regression
Bolivia 4994 0.12 11 0.01 2248 970 1518 240 749 Regression
BosniaandHerzegovina 2827 0.07 47 0.03 16740 2086 15623 969 8659 Regression
Botswana 953 0.02 5 0.00 5480 5435 919 874 2276 Regression
Brazil 118943 2.89 1134 0.62 9532 5422 6355 2245 2416 Regression
BritishCaribbean 437 0.01 9 0.01 21146 3994 21224 4072 8270 Regression
Brunei 233 0.01 10 0.01 43824 12824 35275 4275 4582 Regression
Bulgaria 6120 0.15 61 0.03 10013 2233 8683 904 5173 Regression
BurkinaFaso 5801 0.14 3 0.00 534 146 428 41 237 Regression
Burundi 3027 0.07 1 0.00 247 37 226 16 114 Regression
Cambodia 6893 0.17 9 0.01 1333 197 1176 40 523 Regression
Cameroon 8006 0.19 10 0.01 1255 650 674 69 537 Regression
Canada 24490 0.59 4363 2.39 178155 114197 99200 35242 59226 Original
CentralAfricanRepublic 1855 0.05 0 0.00 234 156 102 24 95 Regression
Chad 4130 0.10 3 0.00 616 243 396 22 266 Regression
Chile 10877 0.26 334 0.18 30696 17080 16837 3221 8827 Original
China 937318 22.76 8522 4.66 9092 3561 5952 421 3997 Original
Colombia 25904 0.63 173 0.09 6693 2219 5482 1008 1838 Regression
Comoros 288 0.01 1 0.00 3102 760 2455 113 1310 Regression
CongoDemRep 24378 0.59 7 0.00 295 67 232 4 121 Regression
CongoRep 1763 0.04 1 0.00 842 349 528 35 340 Regression
CostaRica 2719 0.07 40 0.02 14625 3620 12251 1246 5226 Regression
Croatia 3414 0.08 127 0.07 37144 10918 30432 4206 19476 Regression
Cyprus 538 0.01 59 0.03 108763 78911 65146 35295 40795 Regression
Czechia 8120 0.20 209 0.11 25783 13776 15248 3241 10401 Original
Denmark 4139 0.10 806 0.44 194704 144747 123603 73645 91915 Original
Djibouti 402 0.01 0 0.00 1094 574 652 132 530 Regression
DutchCaribbean 199 0.00 8 0.00 41578 12392 35283 6097 16978 Regression
Ecuador 7958 0.19 65 0.04 8123 2028 6644 549 2757 Regression
Egypt 42095 1.02 188 0.10 4455 886 3880 312 1394 Regression
ElSalvador 3361 0.08 39 0.02 11700 4078 8653 1031 4138 Regression
EquatorialGuinea 393 0.01 1 0.00 3500 2670 1018 188 1421 Regression
Eritrea 1371 0.03 1 0.00 732 132 665 65 291 Regression
Estonia 1047 0.03 45 0.02 42637 9590 37429 4382 21525 Original
Ethiopia 33356 0.81 10 0.01 315 33 299 18 145 Regression
Fiji 496 0.01 3 0.00 6711 968 6258 516 2781 Regression
Finland 4038 0.10 475 0.26 117525 54901 87222 24598 66649 Original
France 46043 1.12 9679 5.29 210217 82945 151432 24159 104144 Original
FrenchCaribbean 595 0.01 26 0.01 44257 16565 34400 6708 14756 Regression
Gabon 707 0.02 5 0.00 6927 5591 1839 502 3223 Regression
Gambia 670 0.02 1 0.00 848 258 630 41 362 Regression
Georgia 3069 0.07 13 0.01 4138 734 3501 97 1682 Regression
Germany 65209 1.58 9073 4.96 139139 73334 93899 28094 19713 Original
Ghana 10689 0.26 10 0.01 897 207 737 47 399 Regression
Greece 8939 0.22 1075 0.59 120248 40127 92182 12061 66849 Original
Guinea 3862 0.09 1 0.00 317 100 232 14 137 Regression
GuineaBissau 608 0.01 0 0.00 663 236 438 12 309 Regression
Guyana 409 0.01 1 0.00 1861 474 1713 327 781 Regression
Haiti 4710 0.11 3 0.00 619 281 402 64 199 Regression
HongKong 5399 0.13 957 0.52 177180 121260 77991 22071 55155 Regression
Hungary 7884 0.19 202 0.11 25656 13144 16483 3971 11629 Original
Iceland 210 0.01 61 0.03 291395 164499 212007 85112 209077 Regression
India 663336 16.11 3266 1.79 4924 1275 4024 376 1094 Regression
Indonesia 138113 3.35 720 0.39 5211 856 4488 132 1506 Regression
Iran 42765 1.04 252 0.14 5904 549 5653 298 2301 Regression
Iraq 12834 0.31 41 0.02 3227 265 2989 28 1379 Regression
Ireland 3044 0.07 696 0.38 228659 102690 182003 56034 88048 Original
Israel 4240 0.10 449 0.25 105795 89691 32623 16520 28082 Original
Italy 47245 1.15 9457 5.17 200172 96112 120709 16649 121618 Original
Jamaica 1663 0.04 22 0.01 12949 3997 10035 1082 4444 Regression
Japan 104026 2.53 19476 10.65 187223 132144 81172 26093 93664 Original
Jordan 3018 0.07 36 0.02 12081 6946 6651 1516 4947 Regression
Kazakhstan 10109 0.25 65 0.04 6387 1736 5162 510 1074 Regression
Kenya 16530 0.40 16 0.01 951 308 741 98 401 Regression
Korea 36620 0.89 3508 1.92 95784 38115 75062 17393 38409 Original
Kuwait 1566 0.04 161 0.09 102915 72027 40004 9117 18489 Regression
Kyrgyzstan 2937 0.07 4 0.00 1510 201 1336 28 612 Regression
Laos 2788 0.07 3 0.00 988 191 830 33 330 Regression
Latvia 1734 0.04 39 0.02 22487 5620 19921 3054 10928 Original
Lebanon 2850 0.07 69 0.04 24280 5616 20357 1693 4457 Regression
Lesotho 1014 0.02 1 0.00 673 364 382 73 256 Regression
Liberia 1530 0.04 2 0.00 1198 437 784 23 518 Regression
Libya 3454 0.08 32 0.02 9231 4138 5486 394 3545 Regression
Lithuania 2519 0.06 55 0.03 21982 7595 16243 1856 11331 Original
Luxembourg 349 0.01 115 0.06 330757 146900 232728 48872 175092 Original
Madagascar 8360 0.20 7 0.00 792 103 715 27 346 Regression
Malawi 5423 0.13 2 0.00 345 102 259 16 148 Regression
Malaysia 15498 0.38 179 0.10 11524 2584 11764 2823 2671 Regression
Maldives 181 0.00 1 0.00 7339 322 7332 315 3009 Regression
Mali 5511 0.13 3 0.00 572 214 408 50 255 Regression
Malta 307 0.01 26 0.01 85892 52718 44982 11808 48906 Regression
Mauritania 1437 0.03 2 0.00 1219 278 1114 173 548 Regression
Mauritius 827 0.02 16 0.01 19648 10669 10660 1681 9727 Regression
Melanesia 486 0.01 8 0.00 15902 2880 14930 1908 6724 Regression
Mexico 62623 1.52 1445 0.79 23075 10735 13182 842 7797 Original
Micronesia 277 0.01 2 0.00 6332 1145 5741 554 2637 Regression
Moldova 2985 0.07 8 0.00 2520 483 2145 108 1245 Regression
Mongolia 1499 0.04 2 0.00 1289 153 1280 143 535 Regression
Montenegro 447 0.01 6 0.00 14344 4522 10666 844 7667 Regression
Morocco 18380 0.45 117 0.06 6341 1767 5144 570 2758 Regression
Mozambique 9202 0.22 4 0.00 390 127 298 35 170 Regression
Myanmar 29024 0.70 52 0.03 1775 487 1293 5 794 Regression
Namibia 960 0.02 4 0.00 4185 3990 1442 1246 1715 Regression
Nepal 13109 0.32 13 0.01 1015 133 938 56 397 Regression
Netherlands 12411 0.30 2524 1.38 203400 136020 128931 61551 57900 Original
NewZealand 2961 0.07 572 0.31 193154 124696 93728 25270 88682 Original
Nicaragua 2885 0.07 17 0.01 5908 858 5351 301 2026 Regression
Niger 5671 0.14 2 0.00 356 76 292 12 160 Regression
Nigeria 64421 1.56 70 0.04 1094 662 519 87 466 Regression
Norway 3446 0.08 592 0.32 171831 87460 147097 62726 40474 Original
Oman 1450 0.04 43 0.02 29597 10597 21081 2080 10378 Regression
Pakistan 79857 1.94 146 0.08 1824 486 1409 71 770 Regression
Panama 2033 0.05 27 0.01 13158 4291 10487 1620 4448 Regression
PapuaNewGuinea 3336 0.08 6 0.00 1746 404 1401 60 618 Regression
Paraguay 3152 0.08 11 0.01 3550 704 3087 241 1208 Regression
Peru 16201 0.39 98 0.05 6061 2290 4232 461 2111 Regression
Philippines 45882 1.11 179 0.10 3895 1280 2890 275 1034 Regression
Poland 29200 0.71 897 0.49 30710 7947 24397 1635 12254 Regression
Polynesia 365 0.01 8 0.00 23282 3718 22239 2675 9683 Regression
Portugal 8313 0.20 770 0.42 92665 44739 68965 21039 44385 Regression
Qatar 695 0.02 51 0.03 73530 44178 35164 5812 46443 Regression
Romania 16307 0.40 273 0.15 16736 3241 14191 696 8680 Regression
Russia 109996 2.67 865 0.47 7863 3176 5131 444 1459 Regression
Rwanda 4089 0.10 2 0.00 497 81 446 29 210 Regression
SaoTomeandPrincipe 71 0.00 0 0.00 2063 893 1400 231 1005 Regression
SaudiArabia 13693 0.33 371 0.20 27064 13135 16644 2715 4098 Regression
Senegal 5057 0.12 12 0.01 2354 654 1832 132 1029 Regression
Serbia 5512 0.13 62 0.03 11189 2276 9475 561 5749 Regression
Seychelles 59 0.00 1 0.00 24227 10323 16018 2114 11713 Regression
SierraLeone 2606 0.06 0 0.00 191 111 88 8 87 Regression
Singapore 3290 0.08 421 0.23 128089 87290 70176 29377 41038 Original
Slovakia 4092 0.10 121 0.07 29677 7420 24962 2705 22061 Original
Slovenia 1599 0.04 108 0.06 67317 22198 50391 5271 43286 Original
SouthAfrica 28056 0.68 589 0.32 20980 15322 9760 4102 5949 Original
Spain 35700 0.87 6905 3.78 193425 51567 165280 23421 110848 Original
SriLanka 12927 0.31 70 0.04 5447 591 5229 373 2225 Regression
Sudan 14451 0.35 28 0.02 1945 214 1777 46 889 Regression
Suriname 299 0.01 2 0.00 5410 1476 4449 515 1935 Regression
Sweden 6896 0.17 966 0.53 140095 105437 69440 34782 42165 Original
Switzerland 5787 0.14 1737 0.95 300133 232240 144122 76229 56217 Original
Syria 9256 0.22 54 0.03 5875 332 5593 50 2368 Regression
Taiwan 16927 0.41 1883 1.03 111222 85031 45470 19279 45344 Regression
Tajikistan 3411 0.08 4 0.00 1284 114 1185 15 535 Regression
Tanzania 17283 0.42 12 0.01 670 159 544 34 307 Regression
Thailand 46730 1.13 472 0.26 10100 3619 7879 1399 3681 Regression
TimorLeste 451 0.01 1 0.00 2264 222 2106 64 1088 Regression
Togo 2637 0.06 2 0.00 573 193 420 39 245 Regression
TrinidadandTobago 894 0.02 10 0.01 11175 5401 7781 2007 4693 Regression
Tunisia 6539 0.16 72 0.04 11062 2641 9037 616 4909 Regression
Turkey 42612 1.03 1030 0.56 24166 3779 21351 964 6699 Regression
Turkmenistan 2682 0.07 7 0.00 2640 230 2463 52 1147 Regression
Uganda 11042 0.27 5 0.00 427 94 360 27 187 Regression
Ukraine 36591 0.89 113 0.06 3099 719 2683 302 457 Regression
UnitedArabEmirates 3778 0.09 876 0.48 231825 149539 91040 8754 37736 Regression
UnitedKingdom 45940 1.12 11000 6.01 239442 151337 137584 49479 112207 Original
UnitedStates 213021 5.17 62657 34.26 294135 219975 128968 54809 64028 Original
Uruguay 2282 0.06 41 0.02 17903 5636 13249 982 6469 Regression
Venezuela 15569 0.38 153 0.08 9853 4662 5272 81 3536 Regression
Vietnam 52795 1.28 142 0.08 2694 178 2641 126 1058 Regression
Yemen 8575 0.21 11 0.01 1323 282 1086 44 443 Regression
Zambia 5022 0.12 3 0.00 654 316 386 49 251 Regression
Zimbabwe 5560 0.14 3 0.00 539 462 163 87 231 Regression
