Afghanistan 11067 0.26 10 0.00 898 177 750 28 378 Regression
Albania 1974 0.05 34 0.02 17201 1813 15935 546 8797 Regression
Algeria 20482 0.49 100 0.05 4886 1611 3570 295 1807 Regression
Angola 8656 0.21 14 0.01 1572 594 1076 97 658 Regression
Argentina 25412 0.61 310 0.15 12181 3546 9230 596 4262 Regression
Armenia 2047 0.05 15 0.01 7198 1325 6023 151 3012 Regression
Australia 15229 0.36 4221 2.03 277174 129546 207649 60021 151650 Original
Austria 6506 0.16 1339 0.64 205851 90765 143600 28515 57541 Original
Azerbaijan 5562 0.13 27 0.01 4805 208 4700 103 2067 Regression
Bahamas 212 0.01 11 0.01 53658 38788 44086 29216 5011 Regression
Bahrain 689 0.02 40 0.02 58694 33369 30041 4716 4017 Regression
Bangladesh 79028 1.88 129 0.06 1634 221 1485 72 661 Regression
Barbados 203 0.00 11 0.01 53016 20381 44302 11667 21286 Regression
Belarus 7332 0.17 46 0.02 6244 903 5661 320 3280 Regression
Belgium 8201 0.20 2022 0.97 246513 145534 125343 24364 138169 Original
Belize 152 0.00 1 0.00 9129 2351 8236 1458 3476 Regression
Benin 3754 0.09 5 0.00 1219 344 941 66 530 Regression
Bolivia 5114 0.12 15 0.01 2870 1126 2031 288 974 Regression
BosniaandHerzegovina 2850 0.07 59 0.03 20720 2342 19627 1249 10596 Regression
Botswana 982 0.02 7 0.00 6851 6693 1138 980 2692 Regression
Brazil 121485 2.89 1459 0.70 12009 6388 8256 2635 3105 Regression
BritishCaribbean 449 0.01 12 0.01 26492 4827 26788 5123 10399 Regression
Brunei 237 0.01 12 0.01 49599 14158 40054 4614 4220 Regression
Bulgaria 6097 0.15 76 0.04 12462 2979 10786 1304 6392 Regression
BurkinaFaso 5986 0.14 4 0.00 611 159 500 49 266 Regression
Burundi 3170 0.08 1 0.00 302 49 274 22 136 Regression
Cambodia 7152 0.17 12 0.01 1612 224 1444 56 626 Regression
Cameroon 8257 0.20 12 0.01 1474 700 852 77 616 Regression
Canada 24865 0.59 4826 2.32 194107 123338 109114 38345 65976 Original
CentralAfricanRepublic 1886 0.04 1 0.00 277 176 132 31 109 Regression
Chad 4270 0.10 3 0.00 819 356 486 24 345 Regression
Chile 11080 0.26 386 0.19 34799 20316 18485 4002 9684 Original
China 954619 22.75 10394 5.00 10888 4299 7084 495 3719 Original
Colombia 26476 0.63 194 0.09 7316 2527 6014 1226 2068 Regression
Comoros 298 0.01 1 0.00 3516 816 2821 121 1460 Regression
CongoDemRep 25124 0.60 10 0.00 404 86 325 8 161 Regression
CongoRep 1829 0.04 2 0.00 1108 420 718 30 436 Regression
CostaRica 2791 0.07 50 0.02 18079 4417 15136 1475 6536 Regression
Croatia 3424 0.08 158 0.08 46020 12835 38375 5191 23825 Regression
Cyprus 551 0.01 52 0.03 94465 87841 44745 38121 25166 Regression
Czechia 8178 0.19 236 0.11 28869 15547 17391 4069 13262 Original
Denmark 4153 0.10 1082 0.52 260483 181138 171072 91728 128880 Original
Djibouti 418 0.01 0 0.00 1186 590 742 146 542 Regression
DutchCaribbean 204 0.00 10 0.00 47463 13807 40765 7110 19144 Regression
Ecuador 8161 0.19 77 0.04 9491 2378 7774 661 3283 Regression
Egypt 43321 1.03 255 0.12 5897 1109 5173 384 1661 Regression
ElSalvador 3405 0.08 49 0.02 14432 5025 10598 1191 5182 Regression
EquatorialGuinea 413 0.01 3 0.00 7393 6016 1764 387 2947 Regression
Eritrea 1427 0.03 1 0.00 750 146 669 65 291 Regression
Estonia 1048 0.02 57 0.03 54488 11171 50195 6879 27001 Original
Ethiopia 34398 0.82 16 0.01 461 45 442 26 209 Regression
Fiji 503 0.01 4 0.00 7083 1035 6644 595 2861 Regression
Finland 4059 0.10 509 0.24 125366 60018 93685 28337 69934 Original
France 46390 1.11 12040 5.79 259543 102538 186593 29589 126609 Original
FrenchCaribbean 600 0.01 36 0.02 60036 23209 45381 8554 19808 Regression
Gabon 735 0.02 6 0.00 7774 6367 2004 597 3568 Regression
Gambia 692 0.02 1 0.00 858 262 645 49 361 Regression
Georgia 3073 0.07 20 0.01 6433 1336 5285 188 2582 Regression
Germany 65325 1.56 10344 4.98 158352 81681 107942 31271 24640 Original
Ghana 11051 0.26 15 0.01 1401 330 1138 68 609 Regression
Greece 8900 0.21 1267 0.61 142348 44437 112585 14674 84961 Original
Guinea 3954 0.09 2 0.00 459 143 335 20 194 Regression
GuineaBissau 626 0.01 0 0.00 720 257 479 17 330 Regression
Guyana 412 0.01 1 0.00 3078 760 2759 441 1295 Regression
Haiti 4834 0.12 4 0.00 815 378 510 74 264 Regression
HongKong 5468 0.13 1203 0.58 219949 147818 95174 23044 76880 Regression
Hungary 7872 0.19 210 0.10 26732 14201 17008 4476 11934 Original
Iceland 214 0.01 63 0.03 292429 186886 196802 91258 210654 Regression
India 678838 16.17 3833 1.84 5647 1508 4634 496 1171 Regression
Indonesia 141212 3.36 875 0.42 6194 1132 5227 165 1815 Regression
Iran 44209 1.05 326 0.16 7376 707 7101 432 2833 Regression
Iraq 13091 0.31 56 0.03 4271 395 3924 48 1809 Regression
Ireland 3117 0.07 881 0.42 282780 127686 229351 74257 109380 Original
Israel 4360 0.10 502 0.24 115040 96383 37041 18384 29604 Original
Italy 47440 1.13 11385 5.48 239997 115570 144974 20547 146524 Original
Jamaica 1686 0.04 25 0.01 14594 4533 11434 1374 5080 Regression
Japan 104403 2.49 19686 9.47 188558 132297 81390 25129 95421 Original
Jordan 3160 0.08 46 0.02 14510 7895 8504 1889 5894 Regression
Kazakhstan 10260 0.24 92 0.04 8958 2190 7875 1107 1871 Regression
Kenya 17128 0.41 29 0.01 1688 492 1333 137 693 Regression
Korea 36965 0.88 4208 2.02 113846 44648 90051 20852 37735 Original
Kuwait 1659 0.04 193 0.09 116052 82556 44916 11420 18932 Regression
Kyrgyzstan 2985 0.07 6 0.00 2145 311 1880 46 860 Regression
Laos 2875 0.07 4 0.00 1401 229 1208 36 457 Regression
Latvia 1725 0.04 63 0.03 36751 8078 33832 5159 17606 Original
Lebanon 2906 0.07 84 0.04 28738 6597 24128 1988 4725 Regression
Lesotho 1023 0.02 1 0.00 815 430 460 75 301 Regression
Liberia 1589 0.04 2 0.00 1361 417 973 29 576 Regression
Libya 3544 0.08 38 0.02 10829 5555 5728 454 4150 Regression
Lithuania 2504 0.06 65 0.03 26148 9296 19926 3074 13254 Original
Luxembourg 356 0.01 129 0.06 363319 160598 256946 54225 192747 Original
Madagascar 8632 0.21 8 0.00 873 111 792 30 373 Regression
Malawi 5570 0.13 2 0.00 443 124 339 20 185 Regression
Malaysia 15914 0.38 229 0.11 14380 3115 14646 3381 3382 Regression
Maldives 191 0.00 2 0.00 8382 216 8612 446 3332 Regression
Mali 5681 0.14 4 0.00 650 226 482 59 284 Regression
Malta 311 0.01 30 0.01 95302 56286 52408 13392 54350 Regression
Mauritania 1488 0.04 2 0.00 1660 306 1551 197 731 Regression
Mauritius 835 0.02 20 0.01 24327 13607 12778 2059 11887 Regression
Melanesia 501 0.01 9 0.00 17353 3047 16560 2254 7174 Regression
Mexico 64043 1.53 1679 0.81 26216 12724 14594 1102 9099 Original
Micronesia 281 0.01 2 0.00 6278 1100 5771 593 2551 Regression
Moldova 3009 0.07 10 0.00 3174 616 2715 157 1556 Regression
Mongolia 1545 0.04 3 0.00 1901 186 1915 200 781 Regression
Montenegro 450 0.01 12 0.01 27339 8981 20591 2233 14627 Regression
Morocco 18788 0.45 151 0.07 8024 2109 6566 651 3407 Regression
Mozambique 9426 0.22 4 0.00 447 141 349 43 190 Regression
Myanmar 29425 0.70 58 0.03 1967 562 1411 5 876 Regression
Namibia 987 0.02 5 0.00 5086 4849 1734 1496 2054 Regression
Nepal 13415 0.32 17 0.01 1292 170 1206 84 501 Regression
Netherlands 12475 0.30 2901 1.40 232520 152192 152296 71968 66624 Original
NewZealand 3003 0.07 591 0.28 196917 128556 94093 25732 87514 Original
Nicaragua 2967 0.07 19 0.01 6303 894 5772 364 2192 Regression
Niger 5841 0.14 2 0.00 414 82 345 14 183 Regression
Nigeria 66105 1.58 90 0.04 1363 806 669 112 567 Regression
Norway 3482 0.08 701 0.34 201214 105667 171521 75973 56498 Original
Oman 1539 0.04 55 0.03 35512 13043 25109 2640 12192 Regression
Pakistan 82376 1.96 210 0.10 2546 661 1983 98 1065 Regression
Panama 2083 0.05 32 0.02 15317 4896 12360 1939 5260 Regression
PapuaNewGuinea 3429 0.08 7 0.00 1907 414 1563 70 665 Regression
Paraguay 3235 0.08 17 0.01 5216 898 4625 308 1801 Regression
Peru 16472 0.39 119 0.06 7237 2628 5160 551 2563 Regression
Philippines 47246 1.13 241 0.12 5098 1631 3804 337 1406 Regression
Poland 29420 0.70 1067 0.51 36272 10140 28538 2406 13704 Regression
Polynesia 370 0.01 9 0.00 24728 3869 23942 3083 10037 Regression
Portugal 8352 0.20 892 0.43 106840 47909 82125 23193 51283 Regression
Qatar 851 0.02 77 0.04 90210 55255 43373 8418 56706 Regression
Romania 16287 0.39 360 0.17 22121 5635 18297 1811 10224 Regression
Russia 110689 2.64 1256 0.60 11349 4217 7950 818 2045 Regression
Rwanda 4232 0.10 3 0.00 748 106 680 38 308 Regression
SaoTomeandPrincipe 74 0.00 0 0.00 1994 934 1337 276 960 Regression
SaudiArabia 14290 0.34 434 0.21 30343 14782 18573 3012 4509 Regression
Senegal 5210 0.12 15 0.01 2842 725 2270 154 1215 Regression
Serbia 5520 0.13 88 0.04 16018 3215 13567 764 8150 Regression
Seychelles 60 0.00 1 0.00 22037 8992 15000 1955 10486 Regression
SierraLeone 2689 0.06 1 0.00 238 130 118 11 106 Regression
Singapore 3433 0.08 504 0.24 146853 99881 77456 30484 48255 Original
Slovakia 4121 0.10 149 0.07 36119 8755 30494 3130 26861 Original
Slovenia 1612 0.04 124 0.06 77051 24995 58284 6228 48261 Original
SouthAfrica 28678 0.68 648 0.31 22583 17100 10111 4628 6178 Original
Spain 36243 0.86 8685 4.18 239637 65991 204181 30535 134345 Original
SriLanka 13068 0.31 88 0.04 6771 774 6463 466 2734 Regression
Sudan 14788 0.35 40 0.02 2718 302 2528 112 1215 Regression
Suriname 304 0.01 2 0.00 5172 1302 4327 457 1848 Regression
Sweden 6942 0.17 1276 0.61 183857 138648 89670 44462 54007 Original
Switzerland 5863 0.14 2011 0.97 343051 264541 163027 84517 63797 Original
Syria 9763 0.23 70 0.03 7180 398 6847 64 2859 Regression
Taiwan 17167 0.41 2033 0.98 118406 91600 46316 19511 46824 Original
Tajikistan 3530 0.08 6 0.00 1776 145 1655 24 734 Regression
Tanzania 17769 0.42 14 0.01 783 168 657 42 350 Regression
Thailand 47401 1.13 622 0.30 13127 4466 10393 1732 4899 Regression
TimorLeste 461 0.01 1 0.00 2076 214 1920 58 982 Regression
Togo 2716 0.06 2 0.00 637 195 488 46 265 Regression
TrinidadandTobago 909 0.02 21 0.01 22592 11733 14318 3459 9537 Regression
Tunisia 6693 0.16 86 0.04 12910 3012 10605 707 5610 Regression
Turkey 43493 1.04 1133 0.55 26053 4127 23219 1294 7098 Regression
Turkmenistan 2747 0.07 7 0.00 2568 195 2438 65 1105 Regression
Uganda 11413 0.27 7 0.00 571 117 490 36 243 Regression
Ukraine 36582 0.87 152 0.07 4168 1157 3640 630 948 Regression
UnitedArabEmirates 4464 0.11 1121 0.54 251076 162889 99508 11321 38870 Regression
UnitedKingdom 46460 1.11 13357 6.43 287499 178241 171384 62126 137075 Original
UnitedStates 215376 5.13 66921 32.20 310717 238644 132098 60025 67318 Original
Uruguay 2293 0.05 46 0.02 19931 6562 14546 1177 7322 Regression
Venezuela 15939 0.38 204 0.10 12823 5887 7067 131 4686 Regression
Vietnam 53958 1.29 184 0.09 3407 331 3241 164 1317 Regression
Yemen 8933 0.21 15 0.01 1661 337 1374 50 543 Regression
Zambia 5154 0.12 5 0.00 1015 431 673 89 379 Regression
Zimbabwe 5639 0.13 3 0.00 609 498 208 97 255 Regression
