Afghanistan 11326 0.26 16 0.01 1385 268 1130 12 633 Regression
Albania 1984 0.05 45 0.02 22751 2420 21211 881 11691 Regression
Algeria 21061 0.49 120 0.05 5692 1926 4119 353 2065 Regression
Angola 8986 0.21 19 0.01 2142 916 1392 166 887 Regression
Argentina 25771 0.60 398 0.17 15452 4667 11633 848 5409 Regression
Armenia 2052 0.05 23 0.01 11135 2055 9369 288 5071 Regression
Australia 15559 0.36 5287 2.26 339778 157041 256195 73458 182875 Original
Austria 6548 0.15 1592 0.68 243143 106335 169926 33119 68008 Original
Azerbaijan 5708 0.13 39 0.02 6851 339 6688 176 3186 Regression
Bahamas 217 0.01 11 0.00 51584 40175 44528 33118 4720 Regression
Bahrain 759 0.02 44 0.02 57910 33711 29351 5152 4291 Regression
Bangladesh 80802 1.89 156 0.07 1936 283 1730 77 852 Regression
Barbados 204 0.00 11 0.00 53216 21251 44524 12560 21911 Regression
Belarus 7356 0.17 60 0.03 8159 1267 7376 484 4290 Regression
Belgium 8266 0.19 2399 1.03 290230 166565 153358 29692 164129 Original
Belize 158 0.00 1 0.00 9209 2561 8279 1631 3593 Regression
Benin 3869 0.09 5 0.00 1418 378 1122 81 609 Regression
Bolivia 5237 0.12 18 0.01 3362 1358 2350 346 1203 Regression
BosniaandHerzegovina 2865 0.07 72 0.03 25154 2791 24061 1699 12923 Regression
Botswana 1012 0.02 8 0.00 8305 7978 1485 1157 3122 Regression
Brazil 123945 2.90 1938 0.83 15638 8964 10405 3731 4567 Regression
BritishCaribbean 460 0.01 15 0.01 32192 6211 32050 6070 12939 Regression
Brunei 241 0.01 12 0.01 50679 16730 39299 5351 4640 Regression
Bulgaria 6077 0.14 121 0.05 19896 6269 15767 2140 10216 Regression
BurkinaFaso 6180 0.14 5 0.00 732 168 612 49 316 Regression
Burundi 3323 0.08 1 0.00 300 54 268 21 134 Regression
Cambodia 7375 0.17 14 0.01 1919 266 1738 86 815 Regression
Cameroon 8522 0.20 15 0.01 1758 799 1047 87 725 Regression
Canada 25258 0.59 6047 2.59 239414 151657 137368 49611 84330 Original
CentralAfricanRepublic 1916 0.04 1 0.00 352 211 172 31 133 Regression
Chad 4416 0.10 4 0.00 867 360 533 26 360 Regression
Chile 11289 0.26 440 0.19 38932 22572 21290 4930 10708 Original
China 972689 22.74 14010 6.00 14404 5766 9294 656 5612 Original
Colombia 27063 0.63 271 0.12 10003 3339 8308 1644 2957 Regression
Comoros 307 0.01 1 0.00 4099 876 3351 127 1685 Regression
CongoDemRep 25920 0.61 12 0.01 459 104 366 10 181 Regression
CongoRep 1898 0.04 3 0.00 1718 785 969 36 666 Regression
CostaRica 2863 0.07 61 0.03 21470 5526 17877 1933 8108 Regression
Croatia 3426 0.08 197 0.08 57447 17257 46910 6719 29859 Regression
Cyprus 567 0.01 67 0.03 118707 107856 58164 47313 31674 Regression
Czechia 8252 0.19 278 0.12 33680 18798 20658 5775 15615 Original
Denmark 4172 0.10 1215 0.52 291348 201231 202214 112097 152722 Original
Djibouti 435 0.01 1 0.00 1219 609 774 164 548 Regression
DutchCaribbean 209 0.00 11 0.00 53023 15740 45428 8145 21540 Regression
Ecuador 8366 0.20 83 0.04 9931 2683 7990 742 3612 Regression
Egypt 44551 1.04 330 0.14 7409 1523 6358 472 2148 Regression
ElSalvador 3445 0.08 57 0.02 16458 6184 11643 1369 6199 Regression
EquatorialGuinea 436 0.01 4 0.00 9367 7694 2214 540 3689 Regression
Eritrea 1476 0.03 1 0.00 822 149 728 55 315 Regression
Estonia 1050 0.02 66 0.03 62964 14920 57997 9953 31345 Original
Ethiopia 35470 0.83 23 0.01 650 61 619 31 293 Regression
Fiji 511 0.01 4 0.00 7871 1097 7439 665 3429 Regression
Finland 4081 0.10 608 0.26 148900 67341 115512 33952 84839 Original
France 46713 1.09 14281 6.11 305727 120021 221375 35669 146890 Original
FrenchCaribbean 606 0.01 38 0.02 62441 24963 47576 10098 20965 Regression
Gabon 764 0.02 7 0.00 9081 7222 2591 731 4148 Regression
Gambia 715 0.02 1 0.00 1188 322 929 63 495 Regression
Georgia 3072 0.07 26 0.01 8372 1857 6819 304 3653 Regression
Germany 65402 1.53 12302 5.27 188102 96126 126441 34465 31288 Original
Ghana 11427 0.27 23 0.01 2027 584 1554 111 874 Regression
Greece 8838 0.21 1472 0.63 166582 53214 132528 19160 72898 Original
Guinea 4052 0.09 4 0.00 1090 228 890 28 457 Regression
GuineaBissau 645 0.02 1 0.00 853 278 599 24 388 Regression
Guyana 416 0.01 2 0.00 4488 1176 3894 581 1931 Regression
Haiti 4958 0.12 5 0.00 943 415 613 85 318 Regression
HongKong 5537 0.13 1476 0.63 266606 185322 106589 25305 93543 Regression
Hungary 7860 0.18 258 0.11 32847 17958 20994 6105 14689 Original
Iceland 219 0.01 84 0.04 383520 225386 272447 114312 276592 Regression
India 694492 16.23 4985 2.13 7177 1936 5892 651 1720 Regression
Indonesia 144166 3.37 1006 0.43 6977 1631 5534 188 1827 Regression
Iran 45639 1.07 468 0.20 10258 988 9884 613 4280 Regression
Iraq 13332 0.31 81 0.03 6091 629 5543 80 2803 Regression
Ireland 3188 0.07 1068 0.46 335124 136953 289935 91764 128694 Original
Israel 4485 0.10 637 0.27 141955 123249 41278 22571 39074 Original
Italy 47612 1.11 12820 5.49 269261 122050 172230 25019 160008 Original
Jamaica 1710 0.04 28 0.01 16494 5390 12789 1685 6011 Regression
Japan 104706 2.45 20152 8.63 192466 133769 84895 26198 98167 Original
Jordan 3321 0.08 56 0.02 16955 10057 8938 2039 7503 Regression
Kazakhstan 10421 0.24 108 0.05 10401 2778 9404 1781 1921 Regression
Kenya 17734 0.41 40 0.02 2263 612 1819 168 916 Regression
Korea 37254 0.87 4649 1.99 124789 49325 98206 22742 41236 Original
Kuwait 1769 0.04 255 0.11 144117 111693 47036 14612 22856 Regression
Kyrgyzstan 3041 0.07 9 0.00 2925 382 2586 43 1275 Regression
Laos 2967 0.07 5 0.00 1787 334 1506 52 637 Regression
Latvia 1717 0.04 90 0.04 52514 12204 48392 8082 25289 Original
Lebanon 2948 0.07 103 0.04 34924 7883 29414 2373 4204 Regression
Lesotho 1036 0.02 1 0.00 1070 529 645 105 387 Regression
Liberia 1656 0.04 4 0.00 2338 747 1628 37 979 Regression
Libya 3631 0.08 55 0.02 15014 7915 7717 619 5811 Regression
Lithuania 2487 0.06 89 0.04 35597 13470 27182 5054 18021 Original
Luxembourg 365 0.01 152 0.06 416325 197980 288575 70229 221888 Original
Madagascar 8912 0.21 11 0.00 1280 139 1180 40 543 Regression
Malawi 5731 0.13 3 0.00 475 123 374 22 195 Regression
Malaysia 16352 0.38 293 0.13 17905 4016 17787 3899 4460 Regression
Maldives 201 0.00 2 0.00 9531 250 9818 537 4069 Regression
Mali 5859 0.14 5 0.00 823 271 623 71 357 Regression
Malta 315 0.01 34 0.01 109338 62489 62671 15822 62589 Regression
Mauritania 1541 0.04 3 0.00 1639 433 1449 243 715 Regression
Mauritius 845 0.02 24 0.01 28959 15692 15745 2478 14101 Regression
Melanesia 515 0.01 11 0.00 21863 4022 20615 2774 9772 Regression
Mexico 65523 1.53 1882 0.81 28722 13656 16346 1280 10230 Original
Micronesia 284 0.01 2 0.00 7283 1330 6586 634 3196 Regression
Moldova 3030 0.07 13 0.01 4425 810 3865 249 2189 Regression
Mongolia 1593 0.04 4 0.00 2277 337 2263 323 1017 Regression
Montenegro 453 0.01 17 0.01 36888 12444 28746 4302 19804 Regression
Morocco 19201 0.45 186 0.08 9711 2616 7963 868 4075 Regression
Mozambique 9661 0.23 5 0.00 541 161 429 49 228 Regression
Myanmar 29800 0.70 68 0.03 2288 728 1567 6 1106 Regression
Namibia 1013 0.02 6 0.00 6130 5845 2041 1757 2277 Regression
Nepal 13701 0.32 21 0.01 1509 217 1403 111 640 Regression
Netherlands 12548 0.29 3322 1.42 264764 169454 180301 84991 76322 Original
NewZealand 3044 0.07 719 0.31 236141 152954 115352 32166 104462 Original
Nicaragua 3049 0.07 21 0.01 6980 1040 6406 465 2531 Regression
Niger 6026 0.14 3 0.00 516 94 445 23 227 Regression
Nigeria 67866 1.59 133 0.06 1953 1345 827 218 560 Regression
Norway 3522 0.08 905 0.39 257002 133073 221391 97463 84052 Original
Oman 1642 0.04 66 0.03 40373 16942 26672 3242 15108 Regression
Pakistan 85009 1.99 240 0.10 2820 823 2107 111 1284 Regression
Panama 2133 0.05 37 0.02 17125 5478 13966 2319 6169 Regression
PapuaNewGuinea 3525 0.08 8 0.00 2394 566 1923 95 916 Regression
Paraguay 3315 0.08 24 0.01 7342 1322 6475 454 2658 Regression
Peru 16734 0.39 142 0.06 8493 3368 5833 708 3158 Regression
Philippines 48632 1.14 299 0.13 6145 2009 4547 411 1911 Regression
Poland 29606 0.69 1395 0.60 47127 14083 36913 3869 17438 Regression
Polynesia 374 0.01 12 0.00 31108 4972 29801 3665 13646 Regression
Portugal 8386 0.20 1056 0.45 125894 55403 97820 27328 55645 Regression
Qatar 1042 0.02 113 0.05 108435 72005 47116 10686 70052 Regression
Romania 16236 0.38 580 0.25 35707 8867 29404 2563 15586 Regression
Russia 111484 2.61 1712 0.73 15360 5435 11231 1306 2522 Regression
Rwanda 4386 0.10 4 0.00 986 129 903 46 401 Regression
SaoTomeandPrincipe 77 0.00 0 0.00 1777 878 1205 306 853 Regression
SaudiArabia 14920 0.35 552 0.24 37005 19754 20406 3154 5830 Regression
Senegal 5366 0.13 16 0.01 2964 645 2480 161 1254 Regression
Serbia 5529 0.13 128 0.05 23202 4715 19722 1236 11886 Regression
Seychelles 61 0.00 1 0.00 20072 8845 13133 1907 9484 Regression
SierraLeone 2765 0.06 1 0.00 304 165 154 15 134 Regression
Singapore 3601 0.08 637 0.27 176903 112582 97512 33192 57143 Original
Slovakia 4149 0.10 191 0.08 45939 11089 39292 4442 34242 Original
Slovenia 1626 0.04 153 0.07 94199 30196 72537 8534 59173 Original
SouthAfrica 29310 0.69 738 0.32 25185 19268 11648 5731 8421 Original
Spain 36754 0.86 10296 4.41 280142 74525 242979 37362 161269 Original
SriLanka 13199 0.31 100 0.04 7610 937 7198 525 3339 Regression
Sudan 15124 0.35 49 0.02 3261 375 3022 135 1445 Regression
Suriname 310 0.01 2 0.00 5223 1419 4333 529 1901 Regression
Sweden 7007 0.16 1447 0.62 206512 152404 105841 51733 60191 Original
Switzerland 5946 0.14 2311 0.99 388639 292924 188453 92738 72273 Original
Syria 10278 0.24 80 0.03 7756 795 7080 119 3356 Regression
Taiwan 17385 0.41 2162 0.93 124380 95333 48465 19418 59007 Original
Tajikistan 3655 0.09 12 0.01 3278 297 3031 50 1476 Regression
Tanzania 18287 0.43 18 0.01 962 187 828 54 426 Regression
Thailand 48017 1.12 711 0.30 14812 5085 11941 2215 5612 Regression
TimorLeste 471 0.01 1 0.00 2108 315 1852 59 1078 Regression
Togo 2799 0.07 1 0.00 492 136 405 49 202 Regression
TrinidadandTobago 923 0.02 25 0.01 26755 14310 16843 4398 11589 Regression
Tunisia 6849 0.16 102 0.04 14820 3501 12156 837 6387 Regression
Turkey 44350 1.04 1523 0.65 34350 5758 30631 2038 9456 Regression
Turkmenistan 2823 0.07 10 0.00 3520 312 3283 75 1643 Regression
Uganda 11805 0.28 9 0.00 769 121 694 46 323 Regression
Ukraine 36578 0.86 213 0.09 5830 1902 5073 1145 1366 Regression
UnitedArabEmirates 5267 0.12 1404 0.60 266619 178100 101382 12862 39970 Regression
UnitedKingdom 47045 1.10 14591 6.25 310148 189007 188733 67593 148460 Original
UnitedStates 217919 5.09 68259 29.22 313229 249589 127043 63403 65593 Original
Uruguay 2307 0.05 60 0.03 25859 8117 19180 1438 9980 Regression
Venezuela 16307 0.38 285 0.12 17505 8250 9480 225 6737 Regression
Vietnam 55186 1.29 229 0.10 4144 483 3905 244 1739 Regression
Yemen 9319 0.22 18 0.01 1924 436 1549 61 686 Regression
Zambia 5294 0.12 6 0.00 1113 560 661 108 408 Regression
Zimbabwe 5720 0.13 4 0.00 637 499 232 94 264 Regression
