Afghanistan 11580 0.27 14 0.01 1203 226 1038 62 552 Regression
Albania 1992 0.05 48 0.02 23981 2615 22545 1179 12491 Regression
Algeria 21640 0.50 130 0.06 6013 1892 4511 390 2185 Regression
Angola 9334 0.21 23 0.01 2447 917 1728 197 1028 Regression
Argentina 26140 0.60 433 0.20 16575 4785 12788 998 6875 Regression
Armenia 2059 0.05 23 0.01 11297 2503 9179 385 5185 Regression
Australia 15910 0.37 3702 1.70 232682 111163 182369 60851 125309 Original
Austria 6592 0.15 1501 0.69 227703 98513 161743 32552 64712 Original
Azerbaijan 5857 0.13 49 0.02 8289 458 8103 273 3858 Regression
Bahamas 221 0.01 9 0.00 40096 31391 36445 27740 3575 Regression
Bahrain 828 0.02 46 0.02 55447 31187 30283 6024 3659 Regression
Bangladesh 82550 1.89 162 0.07 1958 281 1764 86 865 Regression
Barbados 205 0.00 9 0.00 42027 17081 36960 12014 17301 Regression
Belarus 7382 0.17 74 0.03 10046 1461 9239 654 5337 Regression
Belgium 8333 0.19 2210 1.02 265211 146556 148754 30100 153880 Original
Belize 164 0.00 1 0.00 7812 2037 7168 1393 3032 Regression
Benin 3989 0.09 6 0.00 1474 376 1190 92 643 Regression
Bolivia 5364 0.12 20 0.01 3732 1291 2803 362 1354 Regression
BosniaandHerzegovina 2873 0.07 74 0.03 25667 2914 24678 1925 13365 Regression
Botswana 1042 0.02 8 0.00 7743 7432 1550 1239 2930 Regression
Brazil 126356 2.90 1758 0.81 13913 6690 10568 3345 4414 Regression
BritishCaribbean 471 0.01 12 0.01 25688 4899 26776 5987 10278 Regression
Brunei 246 0.01 11 0.01 44928 12900 36454 4425 3639 Regression
Bulgaria 6057 0.14 128 0.06 21069 8655 15450 3036 10921 Regression
BurkinaFaso 6382 0.15 5 0.00 835 176 723 63 367 Regression
Burundi 3481 0.08 1 0.00 328 52 298 22 150 Regression
Cambodia 7573 0.17 15 0.01 2045 269 1888 111 872 Regression
Cameroon 8798 0.20 15 0.01 1741 760 1079 99 720 Regression
Canada 25665 0.59 4736 2.18 184517 113796 114166 43445 64318 Original
CentralAfricanRepublic 1943 0.04 1 0.00 364 208 185 29 140 Regression
Chad 4570 0.10 4 0.00 865 347 565 46 364 Regression
Chile 11504 0.26 435 0.20 37778 21671 21727 5620 11852 Original
China 990370 22.72 17723 8.15 17895 7389 11331 825 7466 Original
Colombia 27656 0.63 267 0.12 9646 3565 7715 1633 3111 Regression
Comoros 317 0.01 1 0.00 4059 851 3355 146 1676 Regression
CongoDemRep 26762 0.61 14 0.01 515 118 415 18 205 Regression
CongoRep 1968 0.05 6 0.00 2845 1017 1884 56 1111 Regression
CostaRica 2935 0.07 59 0.03 20029 5431 16981 2383 7614 Regression
Croatia 3424 0.08 197 0.09 57638 19185 46694 8241 30351 Regression
Cyprus 586 0.01 90 0.04 153746 108670 101387 56311 44073 Regression
Czechia 8329 0.19 352 0.16 42225 24359 25984 8118 20079 Original
Denmark 4196 0.10 1094 0.50 260724 176305 196407 111987 125311 Original
Djibouti 453 0.01 0 0.00 1000 458 703 161 465 Regression
DutchCaribbean 213 0.00 10 0.00 45473 13190 40395 8112 18324 Regression
Ecuador 8573 0.20 84 0.04 9834 2329 8286 781 3616 Regression
Egypt 45777 1.05 353 0.16 7706 1415 6803 513 2677 Regression
ElSalvador 3487 0.08 50 0.02 14237 5015 10623 1400 5416 Regression
EquatorialGuinea 460 0.01 4 0.00 9175 7282 2564 672 3618 Regression
Eritrea 1518 0.03 1 0.00 625 120 555 50 242 Regression
Estonia 1052 0.02 65 0.03 62160 20748 53082 11670 31484 Original
Ethiopia 36594 0.84 32 0.01 878 74 844 40 405 Regression
Fiji 518 0.01 4 0.00 7027 1033 6661 667 3027 Regression
Finland 4105 0.09 635 0.29 154796 65158 128769 39132 89347 Original
France 47018 1.08 12907 5.93 274523 104693 205027 35196 129655 Original
FrenchCaribbean 609 0.01 32 0.01 51996 20760 43445 12209 17488 Regression
Gabon 796 0.02 7 0.00 8573 6652 2592 671 3962 Regression
Gambia 739 0.02 1 0.00 1331 356 1057 82 558 Regression
Georgia 3069 0.07 28 0.01 9008 1867 7588 447 3936 Regression
Germany 65482 1.50 11630 5.35 177610 86715 123136 32241 32523 Original
Ghana 11813 0.27 35 0.02 2943 979 2129 164 1293 Regression
Greece 8769 0.20 1436 0.66 163789 47312 139344 22866 94460 Original
Guinea 4154 0.10 5 0.00 1152 336 849 33 491 Regression
GuineaBissau 665 0.02 1 0.00 921 288 672 38 423 Regression
Guyana 419 0.01 3 0.00 6067 1829 5012 774 2608 Regression
Haiti 5083 0.12 5 0.00 932 440 583 91 312 Regression
HongKong 5604 0.13 1163 0.53 207598 141709 91091 25202 72748 Regression
Hungary 7847 0.18 280 0.13 35707 19861 24033 8188 16230 Original
Iceland 223 0.01 47 0.02 212091 162794 139863 90566 152656 Regression
India 710272 16.30 4663 2.14 6565 1755 5392 582 1752 Regression
Indonesia 146924 3.37 911 0.42 6203 1398 5007 201 2289 Regression
Iran 47013 1.08 440 0.20 9362 1009 8984 632 3893 Regression
Iraq 13597 0.31 88 0.04 6437 589 5945 97 2982 Regression
Ireland 3252 0.07 988 0.45 303726 122093 272677 91044 116398 Original
Israel 4609 0.11 576 0.26 125012 108167 41791 24947 32064 Original
Italy 47786 1.10 12015 5.52 251440 109398 166438 24395 148554 Original
Jamaica 1734 0.04 28 0.01 16284 5155 12969 1840 5970 Regression
Japan 104952 2.41 24129 11.09 229900 157708 104965 32773 121803 Original
Jordan 3500 0.08 58 0.03 16557 9066 9745 2253 7378 Regression
Kazakhstan 10593 0.24 123 0.06 11564 3168 10130 1734 2742 Regression
Kenya 18350 0.42 41 0.02 2257 598 1844 186 922 Regression
Korea 37543 0.86 3603 1.66 95972 35905 78255 18188 38852 Original
Kuwait 1895 0.04 229 0.11 120956 84781 51256 15081 18372 Regression
Kyrgyzstan 3103 0.07 11 0.01 3646 468 3273 96 1594 Regression
Laos 3062 0.07 6 0.00 2111 373 1819 81 735 Regression
Latvia 1707 0.04 90 0.04 52887 13764 48382 9258 25845 Original
Lebanon 3004 0.07 109 0.05 36224 7478 31349 2603 11564 Regression
Lesotho 1050 0.02 1 0.00 891 487 512 108 323 Regression
Liberia 1726 0.04 3 0.00 1891 516 1413 38 804 Regression
Libya 3712 0.09 50 0.02 13475 7523 6588 636 5411 Regression
Lithuania 2467 0.06 99 0.05 40147 16997 29767 6617 20443 Original
Luxembourg 374 0.01 164 0.08 439389 218571 299881 79063 236250 Original
Madagascar 9204 0.21 13 0.01 1383 157 1276 50 597 Regression
Malawi 5904 0.14 4 0.00 596 131 495 31 247 Regression
Malaysia 16802 0.39 287 0.13 17094 3610 17455 3970 3984 Regression
Maldives 212 0.00 2 0.00 9871 260 10333 723 4139 Regression
Mali 6044 0.14 6 0.00 911 284 694 68 403 Regression
Malta 319 0.01 33 0.02 104716 66840 56370 18494 60300 Regression
Mauritania 1597 0.04 3 0.00 1716 422 1593 298 760 Regression
Mauritius 854 0.02 27 0.01 31906 16869 18543 3506 15750 Regression
Melanesia 529 0.01 12 0.01 22195 4033 21536 3374 9859 Regression
Mexico 67038 1.54 1612 0.74 24045 10232 14699 886 8683 Original
Micronesia 286 0.01 2 0.00 7243 1288 6666 710 3150 Regression
Moldova 3051 0.07 17 0.01 5484 922 4891 329 2762 Regression
Mongolia 1640 0.04 5 0.00 3125 430 3143 449 1402 Regression
Montenegro 455 0.01 17 0.01 38214 13921 29444 5152 20655 Regression
Morocco 19617 0.45 190 0.09 9702 2465 8234 998 4123 Regression
Mozambique 9907 0.23 6 0.00 575 158 484 66 247 Regression
Myanmar 30158 0.69 72 0.03 2404 885 1526 7 1174 Regression
Namibia 1040 0.02 6 0.00 6032 5887 1870 1724 2257 Regression
Nepal 13959 0.32 23 0.01 1614 222 1547 156 682 Regression
Netherlands 12626 0.29 3376 1.55 267338 174302 178009 84972 90989 Original
NewZealand 3086 0.07 653 0.30 211491 142470 100495 31474 93441 Original
Nicaragua 3130 0.07 21 0.01 6814 941 6349 475 2486 Regression
Niger 6226 0.14 4 0.00 562 88 502 28 252 Regression
Nigeria 69686 1.60 145 0.07 2074 1361 996 283 572 Regression
Norway 3566 0.08 722 0.33 202447 102032 180045 79630 82683 Original
Oman 1764 0.04 81 0.04 45793 14919 34733 3858 16881 Regression
Pakistan 87743 2.01 237 0.11 2696 742 2086 132 1232 Regression
Panama 2183 0.05 35 0.02 16154 4900 13477 2224 5860 Regression
PapuaNewGuinea 3624 0.08 10 0.00 2753 586 2289 122 1046 Regression
Paraguay 3394 0.08 31 0.01 9246 1709 8271 734 3369 Regression
Peru 16994 0.39 143 0.07 8390 3120 6181 911 3154 Regression
Philippines 50051 1.15 291 0.13 5812 1850 4381 419 1953 Regression
Poland 29767 0.68 1404 0.65 47168 10561 41107 4500 21409 Regression
Polynesia 378 0.01 12 0.01 30494 4808 29833 4147 13263 Regression
Portugal 8415 0.19 1005 0.46 119467 59906 90400 30839 56213 Regression
Qatar 1251 0.03 115 0.05 91821 59792 42961 10932 59505 Regression
Romania 16164 0.37 503 0.23 31088 7926 26540 3378 14088 Regression
Russia 112262 2.58 1791 0.82 15953 5041 12364 1452 4517 Regression
Rwanda 4543 0.10 6 0.00 1301 146 1215 60 534 Regression
SaoTomeandPrincipe 80 0.00 0 0.00 1752 778 1321 347 853 Regression
SaudiArabia 15584 0.36 546 0.25 35027 16026 22066 3065 5346 Regression
Senegal 5525 0.13 17 0.01 3025 638 2581 195 1300 Regression
Serbia 5538 0.13 122 0.06 22047 4482 19081 1516 11475 Regression
Seychelles 62 0.00 1 0.00 22196 10542 15125 3471 10587 Regression
SierraLeone 2840 0.07 1 0.00 313 161 174 22 141 Regression
Singapore 3777 0.09 637 0.29 168606 102317 99262 32973 75131 Original
Slovakia 4176 0.10 209 0.10 49973 13129 42565 5720 37409 Original
Slovenia 1638 0.04 152 0.07 92802 30239 72663 10100 59512 Original
SouthAfrica 29954 0.69 514 0.24 17161 12895 8679 4413 5943 Original
Spain 37199 0.85 9425 4.33 253379 62119 227063 35802 148716 Original
SriLanka 13319 0.31 119 0.05 8961 931 8619 588 3945 Regression
Sudan 15467 0.35 46 0.02 3000 403 2728 132 1354 Regression
Suriname 315 0.01 2 0.00 6062 1548 5171 656 2166 Regression
Sweden 7081 0.16 1162 0.53 164118 117870 90895 44647 45414 Original
Switzerland 6035 0.14 2368 1.09 392361 283230 207874 98744 74989 Original
Syria 10726 0.25 91 0.04 8442 817 7760 135 3629 Regression
Taiwan 17593 0.40 2184 1.00 124129 91646 52107 19624 60401 Original
Tajikistan 3783 0.09 15 0.01 3977 342 3713 78 1804 Regression
Tanzania 18833 0.43 22 0.01 1159 214 1011 66 522 Regression
Thailand 48596 1.11 687 0.32 14136 5402 11044 2310 5445 Regression
TimorLeste 483 0.01 1 0.00 2354 214 2187 48 1209 Regression
Togo 2884 0.07 3 0.00 876 225 718 67 365 Regression
TrinidadandTobago 936 0.02 21 0.01 22729 10828 16059 4157 9879 Regression
Tunisia 7000 0.16 101 0.05 14368 3348 11873 853 6303 Regression
Turkey 45220 1.04 1388 0.64 30700 4974 27612 1885 10792 Regression
Turkmenistan 2904 0.07 11 0.01 3921 523 3503 104 1841 Regression
Uganda 12218 0.28 9 0.00 763 119 700 56 324 Regression
Ukraine 36579 0.84 211 0.10 5762 2121 5521 1880 1514 Regression
UnitedArabEmirates 6077 0.14 1298 0.60 213525 138502 89441 14418 30834 Regression
UnitedKingdom 47661 1.09 9557 4.39 200524 132668 117664 49807 95536 Original
UnitedStates 220545 5.06 59498 27.35 269780 216771 114994 61985 53099 Original
Uruguay 2323 0.05 61 0.03 26468 9093 19476 2101 10361 Regression
Venezuela 16676 0.38 348 0.16 20887 9770 11390 274 8170 Regression
Vietnam 56449 1.30 274 0.13 4853 490 4658 295 2028 Regression
Yemen 9728 0.22 21 0.01 2136 443 1762 69 746 Regression
Zambia 5442 0.12 7 0.00 1265 543 869 147 465 Regression
Zimbabwe 5801 0.13 4 0.00 700 567 227 94 294 Regression
