Afghanistan 11866 0.27 20 0.01 1674 281 1407 14 712 Regression
Albania 1998 0.05 49 0.02 24559 3236 22462 1138 12684 Regression
Algeria 22226 0.50 146 0.06 6563 2686 4335 458 2434 Regression
Angola 9695 0.22 32 0.01 3332 1749 1978 395 1439 Regression
Argentina 26515 0.60 461 0.20 17376 6197 12187 1008 7386 Regression
Armenia 2067 0.05 19 0.01 9202 2477 7160 435 3933 Regression
Australia 16268 0.37 5645 2.41 346984 159698 269578 82291 191443 Original
Austria 6642 0.15 1654 0.71 248947 108808 173680 33541 71062 Original
Azerbaijan 6004 0.14 54 0.02 9003 824 8548 368 3868 Regression
Bahamas 226 0.01 10 0.00 46228 34125 41997 29894 4481 Regression
Bahrain 889 0.02 59 0.03 66172 40531 32344 6703 3979 Regression
Bangladesh 84294 1.90 237 0.10 2808 410 2501 103 1144 Regression
Barbados 207 0.00 10 0.00 49720 19150 43737 13167 21095 Regression
Belarus 7406 0.17 67 0.03 9031 2095 7763 827 4736 Regression
Belgium 8402 0.19 2423 1.04 288384 162466 157823 31905 170697 Original
Belize 170 0.00 2 0.00 9882 2586 9104 1809 3945 Regression
Benin 4115 0.09 7 0.00 1649 449 1307 107 738 Regression
Bolivia 5494 0.12 26 0.01 4655 1706 3453 504 1779 Regression
BosniaandHerzegovina 2873 0.06 74 0.03 25803 3436 24414 2047 13321 Regression
Botswana 1070 0.02 11 0.00 10577 9740 2303 1465 4106 Regression
Brazil 128746 2.90 2610 1.12 20269 13360 12033 5124 6580 Regression
BritishCaribbean 481 0.01 14 0.01 28199 5402 28395 5598 11587 Regression
Brunei 250 0.01 12 0.01 48682 18640 36083 6042 3459 Regression
Bulgaria 6035 0.14 137 0.06 22726 9810 15869 2953 11624 Regression
BurkinaFaso 6593 0.15 6 0.00 971 216 824 69 439 Regression
Burundi 3642 0.08 1 0.00 400 62 364 26 188 Regression
Cambodia 7769 0.18 18 0.01 2332 327 2129 123 915 Regression
Cameroon 9082 0.20 19 0.01 2078 946 1240 108 888 Regression
Canada 26079 0.59 5962 2.55 228599 144702 137063 53167 82540 Original
CentralAfricanRepublic 1965 0.04 1 0.00 444 251 223 31 174 Regression
Chad 4735 0.11 4 0.00 930 398 570 38 400 Regression
Chile 11723 0.26 472 0.20 40237 22004 23619 5386 13538 Original
China 1006619 22.68 19986 8.55 19854 8436 12423 1004 7471 Original
Colombia 28246 0.64 302 0.13 10698 4512 8215 2029 3312 Regression
Comoros 327 0.01 2 0.00 4780 1015 3944 180 2003 Regression
CongoDemRep 27647 0.62 17 0.01 601 160 461 21 245 Regression
CongoRep 2038 0.05 6 0.00 2809 1151 1733 75 1122 Regression
CostaRica 3007 0.07 66 0.03 21970 6110 18172 2312 8675 Regression
Croatia 3420 0.08 188 0.08 54943 16754 45730 7541 28657 Regression
Cyprus 606 0.01 92 0.04 151331 107252 99299 55220 42998 Regression
Czechia 8398 0.19 325 0.14 38643 22396 23801 7554 16877 Original
Denmark 4225 0.10 1046 0.45 247577 190430 176833 119686 115437 Original
Djibouti 470 0.01 1 0.00 1233 576 867 210 574 Regression
DutchCaribbean 218 0.00 12 0.01 54259 15973 47089 8803 22251 Regression
Ecuador 8783 0.20 101 0.04 11449 2796 9522 869 4419 Regression
Egypt 46985 1.06 545 0.23 11607 2231 10007 631 4070 Regression
ElSalvador 3531 0.08 61 0.03 17328 6623 12119 1414 6897 Regression
EquatorialGuinea 486 0.01 7 0.00 13541 12304 2232 995 5410 Regression
Eritrea 1554 0.04 2 0.00 1158 166 1057 66 459 Regression
Estonia 1053 0.02 53 0.02 50045 16367 44326 10649 25137 Original
Ethiopia 37799 0.85 34 0.01 895 77 857 39 427 Regression
Fiji 526 0.01 4 0.00 6909 1219 6353 663 2740 Regression
Finland 4131 0.09 612 0.26 148169 68698 117720 38249 66749 Original
France 47314 1.07 13369 5.72 282565 115893 205007 38335 129571 Original
FrenchCaribbean 610 0.01 39 0.02 63661 25116 49781 11235 22248 Regression
Gabon 831 0.02 9 0.00 10868 9130 2571 833 5111 Regression
Gambia 766 0.02 1 0.00 1309 409 983 83 558 Regression
Georgia 3066 0.07 26 0.01 8446 2250 6606 409 1465 Regression
Germany 65605 1.48 12425 5.31 189384 93131 129516 33263 40689 Original
Ghana 12207 0.28 36 0.02 2960 1074 2039 154 1339 Regression
Greece 8707 0.20 1396 0.60 160373 47293 135539 22459 95896 Original
Guinea 4259 0.10 6 0.00 1457 425 1066 34 639 Regression
GuineaBissau 685 0.02 1 0.00 1075 378 734 37 499 Regression
Guyana 423 0.01 3 0.00 7296 2218 5933 855 3219 Regression
Haiti 5208 0.12 5 0.00 951 434 614 96 329 Regression
HongKong 5672 0.13 1539 0.66 271250 185039 113333 27121 92828 Regression
Hungary 7834 0.18 254 0.11 32412 18209 21220 7016 14625 Original
Iceland 228 0.01 40 0.02 175729 122669 120462 67401 124900 Regression
India 726191 16.36 5645 2.41 7773 2054 6384 665 1639 Regression
Indonesia 149501 3.37 1167 0.50 7808 1895 6183 271 2089 Regression
Iran 48302 1.09 588 0.25 12165 1461 11507 803 4605 Regression
Iraq 13920 0.31 118 0.05 8501 1430 7268 198 3663 Regression
Ireland 3303 0.07 858 0.37 259727 132544 218851 91667 99773 Original
Israel 4728 0.11 747 0.32 157939 139413 42723 24197 57687 Original
Italy 47990 1.08 12594 5.39 262422 111764 176609 25951 155030 Original
Jamaica 1760 0.04 28 0.01 15885 5559 11837 1511 6080 Regression
Japan 105158 2.37 23743 10.16 225783 159362 98143 31722 117459 Original
Jordan 3699 0.08 69 0.03 18652 10594 10312 2254 7719 Regression
Kazakhstan 10773 0.24 132 0.06 12235 3045 10568 1379 1884 Regression
Kenya 18978 0.43 59 0.03 3134 756 2587 209 1309 Regression
Korea 37883 0.85 4252 1.82 112247 44670 88336 20760 37232 Original
Kuwait 2032 0.05 223 0.10 109723 86436 37342 14055 17218 Regression
Kyrgyzstan 3168 0.07 9 0.00 2995 510 2566 81 1205 Regression
Laos 3161 0.07 8 0.00 2395 453 2073 131 731 Regression
Latvia 1695 0.04 57 0.02 33733 12402 29398 8066 16348 Original
Lebanon 3101 0.07 168 0.07 54341 10797 46913 3370 14001 Regression
Lesotho 1064 0.02 1 0.00 1243 503 864 124 459 Regression
Liberia 1795 0.04 3 0.00 1905 542 1408 44 833 Regression
Libya 3784 0.09 61 0.03 16238 10591 6579 932 6893 Regression
Lithuania 2446 0.06 78 0.03 31858 13308 24319 5769 15940 Original
Luxembourg 383 0.01 169 0.07 439738 222875 293942 77079 235731 Original
Madagascar 9510 0.21 13 0.01 1404 203 1253 52 624 Regression
Malawi 6088 0.14 5 0.00 863 168 737 42 365 Regression
Malaysia 17260 0.39 306 0.13 17753 4858 17257 4362 5151 Regression
Maldives 225 0.01 2 0.00 10378 336 10775 733 3958 Regression
Mali 6233 0.14 7 0.00 1088 349 829 90 496 Regression
Malta 323 0.01 36 0.02 111565 65513 65334 19283 64006 Regression
Mauritania 1654 0.04 3 0.00 1809 502 1608 301 823 Regression
Mauritius 864 0.02 31 0.01 36345 21256 18425 3336 18242 Regression
Melanesia 544 0.01 12 0.01 22174 4362 21078 3266 9140 Regression
Mexico 68568 1.54 1988 0.85 28999 13172 16719 892 10530 Original
Micronesia 289 0.01 2 0.00 7491 1469 6759 738 3008 Regression
Moldova 3069 0.07 15 0.01 5032 1171 4178 317 2525 Regression
Mongolia 1686 0.04 4 0.00 2584 488 2508 412 1073 Regression
Montenegro 458 0.01 23 0.01 51090 17278 39665 5853 27441 Regression
Morocco 20030 0.45 236 0.10 11806 3123 9731 1048 5140 Regression
Mozambique 10163 0.23 7 0.00 656 195 547 86 289 Regression
Myanmar 30511 0.69 90 0.04 2946 1136 1819 8 1346 Regression
Namibia 1067 0.02 10 0.00 9037 8216 3245 2424 3469 Regression
Nepal 14181 0.32 27 0.01 1914 269 1829 184 749 Regression
Netherlands 12704 0.29 3457 1.48 272105 182805 180383 91083 112782 Original
NewZealand 3130 0.07 605 0.26 193286 128549 93069 28331 89679 Original
Nicaragua 3212 0.07 26 0.01 8000 1184 7251 435 3047 Regression
Niger 6441 0.15 5 0.00 702 122 613 33 325 Regression
Nigeria 71554 1.61 181 0.08 2530 1815 1035 321 824 Regression
Norway 3616 0.08 927 0.40 256490 131927 224833 100270 116237 Original
Oman 1911 0.04 92 0.04 47898 23320 29018 4440 15668 Regression
Pakistan 90559 2.04 286 0.12 3161 913 2366 118 1349 Regression
Panama 2234 0.05 47 0.02 21014 6663 17235 2883 7978 Regression
PapuaNewGuinea 3724 0.08 12 0.00 3102 707 2543 149 1057 Regression
Paraguay 3475 0.08 29 0.01 8465 2058 7173 766 3224 Regression
Peru 17262 0.39 181 0.08 10480 4328 7143 991 4126 Regression
Philippines 51503 1.16 342 0.15 6640 2388 4724 472 2339 Regression
Poland 29914 0.67 1226 0.52 40976 12619 33555 5199 16038 Regression
Polynesia 381 0.01 11 0.00 29172 4993 28030 3851 11723 Regression
Portugal 8434 0.19 1041 0.45 123415 57569 95375 29529 58531 Regression
Qatar 1456 0.03 137 0.06 93735 63355 42320 11939 58325 Regression
Romania 16085 0.36 397 0.17 24671 5254 22227 2810 8468 Regression
Russia 112920 2.54 1633 0.70 14460 5864 9877 1280 2046 Regression
Rwanda 4701 0.11 9 0.00 1911 212 1766 67 803 Regression
SaoTomeandPrincipe 83 0.00 0 0.00 1765 887 1261 383 875 Regression
SaudiArabia 16289 0.37 774 0.33 47504 26932 23940 3367 8220 Regression
Senegal 5689 0.13 22 0.01 3827 876 3168 217 1690 Regression
Serbia 5545 0.12 118 0.05 21209 5481 17262 1534 10974 Regression
Seychelles 62 0.00 2 0.00 25105 12574 15014 2483 12131 Regression
SierraLeone 2918 0.07 1 0.00 414 223 219 28 191 Regression
Singapore 3945 0.09 738 0.32 187165 117497 104043 34375 58078 Original
Slovakia 4201 0.09 199 0.09 47402 13023 40051 5672 35337 Original
Slovenia 1650 0.04 155 0.07 94256 30183 74042 9969 59928 Original
SouthAfrica 30611 0.69 733 0.31 23961 18073 11465 5577 8218 Original
Spain 37547 0.85 9471 4.05 252246 65718 222781 36252 147981 Original
SriLanka 13433 0.30 132 0.06 9838 1265 9120 547 3998 Regression
Sudan 15831 0.36 60 0.03 3808 604 3379 175 1768 Regression
Suriname 321 0.01 2 0.00 7410 1920 6293 802 2696 Regression
Sweden 7157 0.16 1402 0.60 195835 144017 103957 52139 57721 Original
Switzerland 6129 0.14 2575 1.10 420190 306179 218139 104129 79552 Original
Syria 11043 0.25 109 0.05 9872 1032 9016 176 3933 Regression
Taiwan 17799 0.40 2367 1.01 132969 101752 50127 18910 49528 Original
Tajikistan 3913 0.09 15 0.01 3709 441 3339 71 1563 Regression
Tanzania 19404 0.44 28 0.01 1423 275 1221 73 657 Regression
Thailand 49153 1.11 763 0.33 15525 5676 12419 2570 6055 Regression
TimorLeste 495 0.01 1 0.00 2357 407 2013 63 1149 Regression
Togo 2970 0.07 3 0.00 991 268 795 73 423 Regression
TrinidadandTobago 947 0.02 23 0.01 24205 11997 16171 3963 10430 Regression
Tunisia 7141 0.16 117 0.05 16443 4375 13083 1015 7417 Regression
Turkey 46133 1.04 1328 0.57 28783 5819 25064 2100 8541 Regression
Turkmenistan 2984 0.07 6 0.00 1964 163 1893 92 858 Regression
Uganda 12652 0.29 15 0.01 1221 163 1130 71 530 Regression
Ukraine 36578 0.82 164 0.07 4474 2131 3512 1170 774 Regression
UnitedArabEmirates 6781 0.15 1054 0.45 155446 101520 66558 12631 22996 Regression
UnitedKingdom 48273 1.09 11245 4.81 232944 151767 135244 54067 112090 Original
UnitedStates 223159 5.03 61192 26.17 274209 227560 107185 60535 48807 Original
Uruguay 2339 0.05 85 0.04 36234 11832 26160 1758 14893 Regression
Venezuela 17048 0.38 497 0.21 29175 15939 13651 415 12002 Regression
Vietnam 57719 1.30 326 0.14 5639 772 5270 402 2139 Regression
Yemen 10157 0.23 24 0.01 2353 521 1906 74 720 Regression
Zambia 5598 0.13 12 0.01 2124 1023 1253 153 799 Regression
Zimbabwe 5879 0.13 9 0.00 1590 754 936 100 687 Regression
