Afghanistan 12246 0.27 24 0.01 1941 345 1628 31 858 Regression
Albania 2011 0.04 42 0.02 21134 2997 19204 1067 10827 Regression
Algeria 22795 0.50 157 0.06 6891 2425 4943 477 2481 Regression
Angola 10058 0.22 34 0.01 3370 1429 2295 354 1431 Regression
Argentina 26903 0.60 617 0.24 22940 7582 16654 1296 8469 Regression
Armenia 2079 0.05 22 0.01 10582 2780 8309 507 4731 Regression
Australia 16596 0.37 6662 2.63 401454 186091 313014 97651 219357 Original
Austria 6696 0.15 1542 0.61 230320 104670 158011 32360 65712 Original
Azerbaijan 6146 0.14 62 0.02 10065 787 9674 395 4478 Regression
Bahamas 230 0.01 9 0.00 40906 32337 37871 29303 3819 Regression
Bahrain 930 0.02 62 0.02 66534 39462 34172 7100 5083 Regression
Bangladesh 86131 1.91 240 0.09 2784 492 2415 123 1182 Regression
Barbados 208 0.00 9 0.00 42233 16597 40051 14416 16403 Regression
Belarus 7424 0.16 73 0.03 9884 2133 8757 1006 5127 Regression
Belgium 8466 0.19 2363 0.93 279094 160050 150193 31150 165276 Original
Belize 176 0.00 2 0.00 8955 2459 8225 1730 3236 Regression
Benin 4243 0.09 6 0.00 1409 424 1089 104 620 Regression
Bolivia 5627 0.12 26 0.01 4602 1686 3463 547 1629 Regression
BosniaandHerzegovina 2857 0.06 63 0.03 22204 3250 20895 1942 11389 Regression
Botswana 1094 0.02 13 0.00 11537 10052 3207 1722 4384 Regression
Brazil 131114 2.90 3534 1.40 26951 15456 16468 4973 8520 Regression
BritishCaribbean 490 0.01 13 0.01 27163 4626 28119 5582 10121 Regression
Brunei 256 0.01 9 0.00 35956 10342 29612 3998 3149 Regression
Bulgaria 6009 0.13 125 0.05 20762 9870 13744 2852 10400 Regression
BurkinaFaso 6809 0.15 6 0.00 883 197 752 66 394 Regression
Burundi 3797 0.08 1 0.00 387 64 356 32 180 Regression
Cambodia 7968 0.18 20 0.01 2464 364 2248 148 1013 Regression
Cameroon 9370 0.21 18 0.01 1879 915 1100 135 788 Regression
Canada 26461 0.59 6832 2.70 258207 165271 151639 58704 95841 Original
CentralAfricanRepublic 1975 0.04 1 0.00 402 242 204 44 152 Regression
Chad 4907 0.11 5 0.00 982 387 641 46 414 Regression
Chile 11937 0.26 570 0.23 47735 26882 27289 6436 17450 Original
China 1020763 22.60 25493 10.08 24975 10820 15634 1479 9019 Original
Colombia 28839 0.64 365 0.14 12660 4961 10055 2356 3973 Regression
Comoros 337 0.01 1 0.00 4276 995 3479 197 1754 Regression
CongoDemRep 28546 0.63 15 0.01 540 130 426 16 216 Regression
CongoRep 2098 0.05 6 0.00 3090 1043 2162 115 1206 Regression
CostaRica 3077 0.07 76 0.03 24620 6446 20815 2641 8910 Regression
Croatia 3413 0.08 174 0.07 50959 18298 40069 7408 26379 Regression
Cyprus 626 0.01 84 0.03 134368 101851 87713 55196 42344 Regression
Czechia 8449 0.19 369 0.15 43634 23003 28483 7852 17706 Original
Denmark 4252 0.09 1031 0.41 242421 192547 162942 113069 100397 Original
Djibouti 486 0.01 1 0.00 1098 537 792 231 496 Regression
DutchCaribbean 222 0.00 11 0.00 48770 15269 42511 9011 18518 Regression
Ecuador 8991 0.20 99 0.04 11027 2368 9687 1028 3927 Regression
Egypt 48178 1.07 552 0.22 11453 2469 9632 648 3692 Regression
ElSalvador 3581 0.08 59 0.02 16431 6546 11264 1379 6023 Regression
EquatorialGuinea 511 0.01 7 0.00 13110 11764 2474 1128 5117 Regression
Eritrea 1580 0.03 2 0.00 1380 246 1213 78 536 Regression
Estonia 1052 0.02 45 0.02 42300 16112 36267 10079 21135 Original
Ethiopia 39131 0.87 33 0.01 845 70 813 38 400 Regression
Fiji 531 0.01 4 0.00 7910 1334 7400 825 3311 Regression
Finland 4156 0.09 618 0.24 148765 71628 115561 38424 66337 Original
France 47608 1.05 13526 5.35 284120 113475 207971 37326 127419 Original
FrenchCaribbean 612 0.01 36 0.01 58343 22768 47689 12114 19035 Regression
Gabon 868 0.02 9 0.00 10034 7858 2942 766 4656 Regression
Gambia 793 0.02 1 0.00 1289 395 981 88 538 Regression
Georgia 3060 0.07 26 0.01 8569 2444 6550 425 2389 Regression
Germany 65733 1.46 11934 4.72 181558 89660 122788 30890 42904 Original
Ghana 12590 0.28 49 0.02 3856 1276 2777 196 1721 Regression
Greece 8660 0.19 1241 0.49 143339 40767 126231 23660 84474 Original
Guinea 4370 0.10 5 0.00 1131 322 846 37 489 Regression
GuineaBissau 707 0.02 1 0.00 1043 383 708 48 476 Regression
Guyana 428 0.01 3 0.00 7104 1881 6238 1014 2869 Regression
Haiti 5334 0.12 5 0.00 995 497 596 98 309 Regression
HongKong 5738 0.13 1548 0.61 269747 190222 110201 30676 81697 Regression
Hungary 7828 0.17 255 0.10 32538 18819 21038 7319 14625 Original
Iceland 231 0.01 45 0.02 193474 128574 130141 65241 135215 Regression
India 741965 16.43 6810 2.69 9179 2412 7545 778 2016 Original
Indonesia 152139 3.37 1409 0.56 9263 2461 7155 353 2185 Regression
Iran 49533 1.10 647 0.26 13061 1592 12422 953 5133 Regression
Iraq 14406 0.32 132 0.05 9142 1230 8161 249 4109 Regression
Ireland 3336 0.07 724 0.29 216953 126312 170219 79578 84261 Original
Israel 4826 0.11 697 0.28 144431 123082 46838 25489 34930 Original
Italy 48221 1.07 11545 4.56 239421 100887 163451 24916 143757 Original
Jamaica 1786 0.04 29 0.01 16002 4749 12900 1646 5609 Regression
Japan 105293 2.33 28640 11.32 272002 181581 126036 35616 142627 Original
Jordan 3914 0.09 68 0.03 17354 10476 9194 2316 7513 Regression
Kazakhstan 10960 0.24 181 0.07 16476 3958 13888 1370 2808 Regression
Kenya 19616 0.43 65 0.03 3299 804 2729 234 1346 Regression
Korea 38290 0.85 4744 1.87 123896 50790 96167 23061 39139 Original
Kuwait 2174 0.05 239 0.09 109802 86828 34821 11847 17467 Regression
Kyrgyzstan 3239 0.07 10 0.00 3070 565 2591 85 1289 Regression
Laos 3266 0.07 9 0.00 2883 600 2477 195 912 Regression
Latvia 1682 0.04 52 0.02 31214 12464 26001 7251 15065 Original
Lebanon 3243 0.07 157 0.06 48405 12158 40177 3929 12831 Regression
Lesotho 1080 0.02 2 0.00 1527 658 1040 171 550 Regression
Liberia 1858 0.04 4 0.00 1933 542 1444 53 832 Regression
Libya 3843 0.09 56 0.02 14683 7496 7998 810 6324 Regression
Lithuania 2426 0.05 74 0.03 30666 12992 23113 5440 15080 Original
Luxembourg 393 0.01 166 0.07 423063 221120 279322 77379 227903 Original
Madagascar 9827 0.22 13 0.01 1338 194 1198 54 587 Regression
Malawi 6284 0.14 6 0.00 929 155 831 56 383 Regression
Malaysia 17741 0.39 390 0.15 21985 5342 22131 5488 6076 Regression
Maldives 239 0.01 3 0.00 12157 370 12614 827 4865 Regression
Mali 6412 0.14 7 0.00 1055 373 783 101 475 Regression
Malta 327 0.01 35 0.01 107770 65482 61304 19016 61854 Regression
Mauritania 1712 0.04 3 0.00 1760 439 1617 296 789 Regression
Mauritius 875 0.02 32 0.01 37086 21757 19259 3930 18403 Regression
Melanesia 557 0.01 11 0.00 20519 4201 19742 3424 8957 Regression
Mexico 70120 1.55 2156 0.85 30748 12822 18919 994 11694 Original
Micronesia 292 0.01 2 0.00 6899 1408 6276 785 2930 Regression
Moldova 3091 0.07 20 0.01 6508 1516 5338 346 3263 Regression
Mongolia 1730 0.04 9 0.00 5087 567 5062 541 2205 Regression
Montenegro 460 0.01 16 0.01 33727 13935 24069 4278 18042 Regression
Morocco 20460 0.45 212 0.08 10382 3041 8442 1101 4434 Regression
Mozambique 10429 0.23 5 0.00 519 164 434 79 226 Regression
Myanmar 30913 0.68 86 0.03 2796 1226 1585 14 1334 Regression
Namibia 1093 0.02 11 0.00 9806 8541 4026 2762 3683 Regression
Nepal 14318 0.32 34 0.01 2361 344 2229 212 968 Regression
Netherlands 12779 0.28 3323 1.31 260029 181253 165438 86663 108224 Original
NewZealand 3172 0.07 707 0.28 222782 150541 105106 32865 103217 Original
Nicaragua 3295 0.07 25 0.01 7545 1151 6798 404 2632 Regression
Niger 6664 0.15 4 0.00 670 117 587 34 307 Regression
Nigeria 73437 1.63 228 0.09 3100 2061 1363 324 833 Regression
Norway 3668 0.08 965 0.38 262978 135638 231440 104100 124689 Original
Oman 2088 0.05 97 0.04 46547 19000 31716 4169 15785 Regression
Pakistan 93396 2.07 284 0.11 3040 912 2235 107 1355 Regression
Panama 2285 0.05 46 0.02 20303 7240 16314 3251 7071 Regression
PapuaNewGuinea 3823 0.08 13 0.01 3357 798 2733 174 1194 Regression
Paraguay 3559 0.08 35 0.01 9713 2154 8564 1005 3390 Regression
Peru 17554 0.39 207 0.08 11774 4780 8258 1263 4273 Regression
Philippines 52869 1.17 378 0.15 7152 2554 5133 535 2086 Regression
Poland 30028 0.66 1382 0.55 46040 13278 38425 5663 15908 Regression
Polynesia 385 0.01 10 0.00 26034 4512 25351 3829 11075 Regression
Portugal 8441 0.19 950 0.38 112540 57115 84913 29488 49738 Regression
Qatar 1620 0.04 158 0.06 97495 64109 44255 10869 60477 Regression
Romania 16011 0.35 368 0.15 22959 5346 20351 2738 10667 Regression
Russia 113465 2.51 2161 0.85 19048 6779 13727 1459 2495 Regression
Rwanda 4855 0.11 9 0.00 1865 219 1716 71 766 Regression
SaoTomeandPrincipe 85 0.00 0 0.00 1589 921 1125 457 779 Regression
SaudiArabia 17106 0.38 804 0.32 46979 23219 27200 3440 8321 Regression
Senegal 5858 0.13 19 0.01 3276 770 2721 215 1425 Regression
Serbia 5542 0.12 94 0.04 16907 3882 14544 1519 8719 Regression
Seychelles 63 0.00 2 0.00 25651 12494 16090 2933 12185 Regression
SierraLeone 2997 0.07 1 0.00 310 162 180 32 142 Regression
Singapore 4091 0.09 925 0.37 226234 135522 130881 40169 69423 Original
Slovakia 4225 0.09 196 0.08 46457 13379 38825 5747 34389 Original
Slovenia 1657 0.04 150 0.06 90659 29569 71104 10014 56745 Original
SouthAfrica 31267 0.69 897 0.35 28701 22195 13022 6516 9468 Original
Spain 37732 0.84 8701 3.44 230591 60905 203267 33581 131263 Original
SriLanka 13560 0.30 184 0.07 13544 1999 12265 720 5735 Regression
Sudan 16236 0.36 63 0.02 3893 614 3465 186 1784 Regression
Suriname 327 0.01 2 0.00 7281 2053 6096 868 2347 Regression
Sweden 7233 0.16 1628 0.64 225039 168337 115704 59002 67040 Original
Switzerland 6221 0.14 2892 1.14 464869 337449 245256 117836 94280 Original
Syria 11161 0.25 117 0.05 10512 1148 9560 196 4358 Regression
Taiwan 18003 0.40 2628 1.04 145958 112108 54561 20711 48601 Original
Tajikistan 4037 0.09 17 0.01 4227 499 3806 78 1863 Regression
Tanzania 20009 0.44 31 0.01 1530 261 1353 85 695 Regression
Thailand 49632 1.10 914 0.36 18414 6947 14704 3237 7033 Regression
TimorLeste 509 0.01 2 0.00 3061 383 2746 68 1584 Regression
Togo 3058 0.07 3 0.00 931 273 735 77 388 Regression
TrinidadandTobago 958 0.02 26 0.01 27428 13050 18632 4253 11345 Regression
Tunisia 7266 0.16 108 0.04 14920 4399 11587 1067 6642 Regression
Turkey 47083 1.04 1718 0.68 36484 6766 32350 2632 8347 Regression
Turkmenistan 3066 0.07 2 0.00 649 39 700 90 295 Regression
Uganda 13111 0.29 15 0.01 1159 138 1104 84 491 Regression
Ukraine 36529 0.81 228 0.09 6245 2056 5257 1068 933 Regression
UnitedArabEmirates 7245 0.16 998 0.39 137734 80939 68820 12024 21944 Regression
UnitedKingdom 48798 1.08 11250 4.45 230554 151164 131050 51661 110824 Original
UnitedStates 225756 5.00 64683 25.56 286517 242299 103242 59024 47591 Original
Uruguay 2356 0.05 98 0.04 41633 15031 29268 2666 15877 Regression
Venezuela 17435 0.39 557 0.22 31930 16574 15777 420 12221 Regression
Vietnam 58979 1.31 310 0.12 5262 773 4940 452 2069 Regression
Yemen 10601 0.23 28 0.01 2597 595 2077 75 821 Regression
Zambia 5776 0.13 13 0.01 2252 811 1603 161 826 Regression
Zimbabwe 5972 0.13 9 0.00 1535 716 965 146 652 Regression
