Afghanistan 12738 0.28 23 0.01 1785 350 1463 28 791 Regression
Albania 2031 0.04 43 0.02 21385 2993 19488 1097 10639 Regression
Algeria 23360 0.51 166 0.06 7093 2520 5064 491 2395 Regression
Angola 10426 0.23 43 0.02 4168 1665 2925 422 1681 Regression
Argentina 27305 0.59 696 0.27 25480 9016 18153 1689 7788 Regression
Armenia 2096 0.05 23 0.01 10973 3151 8404 581 4907 Regression
Australia 16894 0.37 6426 2.45 380395 183263 298355 101223 205882 Original
Austria 6755 0.15 1573 0.60 232867 101143 163452 31728 70169 Original
Azerbaijan 6281 0.14 68 0.03 10784 861 10351 428 4807 Regression
Bahamas 235 0.01 8 0.00 34740 29578 33349 28187 3548 Regression
Bahrain 950 0.02 58 0.02 61303 34975 33153 6826 6233 Regression
Bangladesh 88059 1.92 244 0.09 2767 562 2336 132 1172 Regression
Barbados 209 0.00 9 0.00 40802 17873 38164 15235 16272 Regression
Belarus 7438 0.16 66 0.03 8834 2792 7191 1149 4470 Regression
Belgium 8526 0.19 2373 0.91 278385 159703 152065 33383 168579 Original
Belize 183 0.00 1 0.00 8203 2354 7464 1614 3032 Regression
Benin 4376 0.10 6 0.00 1441 411 1143 112 607 Regression
Bolivia 5764 0.13 29 0.01 5113 1829 3896 613 1842 Regression
BosniaandHerzegovina 2826 0.06 65 0.02 22894 3233 21644 1983 11392 Regression
Botswana 1114 0.02 12 0.00 10896 9474 3400 1978 3845 Regression
Brazil 133433 2.91 3428 1.31 25690 15394 15957 5661 7253 Regression
BritishCaribbean 499 0.01 13 0.01 26774 5079 27392 5697 10288 Regression
Brunei 261 0.01 10 0.00 40158 10429 33642 3913 4061 Regression
Bulgaria 5981 0.13 142 0.05 23701 10856 15844 3000 11559 Regression
BurkinaFaso 7031 0.15 7 0.00 969 199 840 69 416 Regression
Burundi 3947 0.09 2 0.00 399 74 364 38 179 Regression
Cambodia 8185 0.18 22 0.01 2648 385 2426 163 1074 Regression
Cameroon 9665 0.21 18 0.01 1895 891 1154 150 753 Regression
Canada 26817 0.58 7040 2.69 262534 164889 157277 59632 98005 Original
CentralAfricanRepublic 1970 0.04 1 0.00 444 262 242 60 157 Regression
Chad 5085 0.11 5 0.00 1065 434 686 55 425 Regression
Chile 12147 0.26 624 0.24 51382 29492 29438 7548 16975 Original
China 1032769 22.50 30920 11.81 29939 13022 18897 1980 9773 Original
Colombia 29429 0.64 362 0.14 12288 5517 9693 2922 4062 Regression
Comoros 347 0.01 2 0.00 4633 1040 3812 219 1783 Regression
CongoDemRep 29465 0.64 18 0.01 608 146 481 19 229 Regression
CongoRep 2148 0.05 6 0.00 3003 1111 2085 193 1097 Regression
CostaRica 3144 0.07 76 0.03 24044 7245 19830 3031 8899 Regression
Croatia 3404 0.07 178 0.07 52196 18695 41225 7725 26233 Regression
Cyprus 641 0.01 87 0.03 135015 106599 87800 59385 42521 Regression
Czechia 8485 0.18 413 0.16 48652 25920 31586 8854 21352 Original
Denmark 4280 0.09 1008 0.39 235522 192496 153627 110601 107395 Original
Djibouti 499 0.01 0 0.00 997 475 743 222 430 Regression
DutchCaribbean 227 0.00 10 0.00 45713 13821 40530 8638 18245 Regression
Ecuador 9198 0.20 104 0.04 11275 2828 9525 1078 4045 Regression
Egypt 49329 1.07 517 0.20 10482 2373 8751 643 3601 Regression
ElSalvador 3637 0.08 62 0.02 16918 6993 11334 1409 6248 Regression
EquatorialGuinea 534 0.01 7 0.00 13007 11432 2778 1203 4755 Regression
Eritrea 1597 0.03 2 0.00 1381 246 1211 76 523 Regression
Estonia 1051 0.02 49 0.02 46754 19197 37895 10338 22673 Original
Ethiopia 40593 0.88 38 0.01 925 103 855 33 427 Regression
Fiji 533 0.01 5 0.00 8684 1560 8189 1064 3638 Regression
Finland 4183 0.09 654 0.25 156449 72292 127022 42865 71801 Original
France 47897 1.04 13428 5.13 280350 109938 206849 36438 125851 Original
FrenchCaribbean 615 0.01 34 0.01 55970 22708 45624 12362 19148 Regression
Gabon 908 0.02 9 0.00 10335 8033 3154 853 4609 Regression
Gambia 820 0.02 1 0.00 965 351 687 73 380 Regression
Georgia 3053 0.07 31 0.01 10255 2949 7867 562 2077 Regression
Germany 65865 1.43 11900 4.55 180671 87458 123408 30196 41516 Original
Ghana 12962 0.28 51 0.02 3930 1343 2798 211 1682 Regression
Greece 8630 0.19 1202 0.46 139262 38290 124913 23941 82100 Original
Guinea 4489 0.10 5 0.00 1008 341 716 49 408 Regression
GuineaBissau 728 0.02 1 0.00 1117 361 818 62 489 Regression
Guyana 434 0.01 3 0.00 7684 2238 6556 1110 3217 Regression
Haiti 5461 0.12 5 0.00 1007 497 620 110 316 Regression
HongKong 5804 0.13 1579 0.60 271988 192547 112594 33153 81483 Regression
Hungary 7832 0.17 274 0.10 34962 20289 22148 7475 15323 Original
Iceland 233 0.01 49 0.02 209631 142649 136505 69523 144324 Regression
India 757696 16.50 6607 2.52 8719 2228 7223 731 1923 Original
Indonesia 154869 3.37 1624 0.62 10487 2852 8064 429 1689 Regression
Iran 50706 1.10 729 0.28 14386 1927 13567 1108 5601 Regression
Iraq 15065 0.33 135 0.05 8974 1141 8089 256 4056 Regression
Ireland 3350 0.07 666 0.25 198807 121906 151298 74396 77585 Original
Israel 4901 0.11 660 0.25 134695 114825 45796 25926 45077 Original
Italy 48483 1.06 11161 4.26 230213 95119 159535 24440 134815 Original
Jamaica 1813 0.04 30 0.01 16482 5193 13068 1779 5867 Regression
Japan 105356 2.29 29718 11.35 282072 190302 127518 35748 148701 Original
Jordan 4147 0.09 75 0.03 18044 11268 9136 2360 7762 Regression
Kazakhstan 11155 0.24 202 0.08 18151 4018 15648 1515 3753 Regression
Kenya 20268 0.44 65 0.02 3217 777 2686 246 1240 Regression
Korea 38769 0.84 4984 1.90 128558 52165 101028 24635 39840 Original
Kuwait 2320 0.05 270 0.10 116298 89648 37245 10595 18557 Regression
Kyrgyzstan 3315 0.07 13 0.01 3973 629 3442 98 1663 Regression
Laos 3377 0.07 9 0.00 2775 575 2414 213 854 Regression
Latvia 1669 0.04 66 0.03 39613 12723 33978 7087 18478 Original
Lebanon 3431 0.07 142 0.05 41424 10706 34440 3722 13863 Regression
Lesotho 1096 0.02 2 0.00 1569 760 1023 214 526 Regression
Liberia 1917 0.04 4 0.00 2142 592 1609 59 878 Regression
Libya 3887 0.08 50 0.02 12764 9647 4119 1003 5315 Regression
Lithuania 2408 0.05 85 0.03 35349 14407 26426 5484 16753 Original
Luxembourg 402 0.01 176 0.07 436592 224644 297038 85090 230891 Original
Madagascar 10156 0.22 15 0.01 1453 206 1303 57 603 Regression
Malawi 6494 0.14 7 0.00 1133 155 1041 63 441 Regression
Malaysia 18230 0.40 394 0.15 21588 5818 21617 5848 7059 Regression
Maldives 256 0.01 3 0.00 10447 337 10890 780 4162 Regression
Mali 6583 0.14 8 0.00 1185 391 907 112 512 Regression
Malta 332 0.01 36 0.01 108952 71127 58620 20795 61042 Regression
Mauritania 1770 0.04 3 0.00 1607 421 1462 276 693 Regression
Mauritius 885 0.02 34 0.01 38729 22541 20580 4392 18702 Regression
Melanesia 570 0.01 13 0.00 21976 4891 20786 3701 9628 Regression
Mexico 71688 1.56 2199 0.84 30673 13379 18258 964 11361 Original
Micronesia 295 0.01 2 0.00 7539 1685 6721 867 3202 Regression
Moldova 3116 0.07 25 0.01 7907 1712 6599 405 3841 Regression
Mongolia 1771 0.04 10 0.00 5413 609 5683 880 2345 Regression
Montenegro 463 0.01 16 0.01 35160 13929 25327 4095 18236 Regression
Morocco 20904 0.46 218 0.08 10431 2961 8660 1190 3263 Regression
Mozambique 10706 0.23 7 0.00 698 186 607 95 290 Regression
Myanmar 31371 0.68 102 0.04 3241 1612 1654 25 1566 Regression
Namibia 1118 0.02 12 0.00 11176 10176 4115 3114 3900 Regression
Nepal 14372 0.31 33 0.01 2297 311 2209 223 933 Regression
Netherlands 12850 0.28 3357 1.28 261255 187738 157184 83667 98330 Original
NewZealand 3213 0.07 789 0.30 245629 166346 115428 36145 119491 Original
Nicaragua 3379 0.07 25 0.01 7374 1134 6654 414 2620 Regression
Niger 6897 0.15 5 0.00 716 119 633 37 316 Regression
Nigeria 75338 1.64 241 0.09 3193 2203 1287 297 827 Regression
Norway 3725 0.08 1020 0.39 273799 136252 245345 107798 129175 Original
Oman 2298 0.05 97 0.04 42111 17833 28132 3854 13951 Regression
Pakistan 96249 2.10 339 0.13 3527 991 2643 107 1573 Regression
Panama 2335 0.05 50 0.02 21286 7546 17184 3444 7530 Regression
PapuaNewGuinea 3919 0.09 18 0.01 4626 1158 3694 227 1575 Regression
Paraguay 3645 0.08 38 0.01 10446 2457 9239 1251 3711 Regression
Peru 17881 0.39 201 0.08 11243 4897 7855 1509 3285 Regression
Philippines 54160 1.18 388 0.15 7156 2789 4954 587 1803 Regression
Poland 30123 0.66 1367 0.52 45390 11913 38932 5455 16163 Regression
Polynesia 389 0.01 10 0.00 26318 4986 25214 3883 11201 Regression
Portugal 8435 0.18 994 0.38 117841 59485 88246 29890 52132 Regression
Qatar 1744 0.04 170 0.06 97476 63820 43191 9535 59924 Regression
Romania 15954 0.35 423 0.16 26540 6013 23416 2889 12600 Regression
Russia 113865 2.48 2609 1.00 22910 7763 17090 1942 4605 Original
Rwanda 5007 0.11 10 0.00 2037 228 1898 89 790 Regression
SaoTomeandPrincipe 87 0.00 0 0.00 1479 902 1097 521 704 Regression
SaudiArabia 18032 0.39 761 0.29 42226 20645 25205 3625 7540 Regression
Senegal 6033 0.13 18 0.01 3054 657 2613 216 1266 Regression
Serbia 5537 0.12 114 0.04 20649 4055 18237 1644 10250 Regression
Seychelles 64 0.00 2 0.00 27001 14970 15236 3205 12377 Regression
SierraLeone 3078 0.07 1 0.00 463 242 261 40 203 Regression
Singapore 4212 0.09 979 0.37 232453 136905 138733 43184 71594 Original
Slovakia 4247 0.09 213 0.08 50138 15059 41667 6589 35893 Original
Slovenia 1662 0.04 155 0.06 93210 29908 73787 10484 55851 Original
SouthAfrica 31930 0.70 751 0.29 23519 18503 10638 5623 7537 Original
Spain 37760 0.82 8756 3.34 231882 60420 203018 31556 131401 Original
SriLanka 13700 0.30 201 0.08 14679 2295 12754 371 6162 Regression
Sudan 16687 0.36 56 0.02 3341 608 2919 187 1474 Regression
Suriname 333 0.01 2 0.00 6472 2039 5316 883 2133 Regression
Sweden 7312 0.16 1567 0.60 214354 159757 114008 59410 65861 Original
Switzerland 6313 0.14 3039 1.16 481439 338508 263832 120900 96209 Original
Syria 11073 0.24 107 0.04 9687 1128 8748 189 3989 Regression
Taiwan 18199 0.40 2897 1.11 159162 118940 62641 22419 65031 Original
Tajikistan 4156 0.09 18 0.01 4352 549 3923 120 1923 Regression
Tanzania 20655 0.45 32 0.01 1544 241 1396 92 679 Regression
Thailand 50049 1.09 850 0.32 16982 7135 13350 3503 6382 Regression
TimorLeste 526 0.01 2 0.00 3249 368 2950 69 1725 Regression
Togo 3147 0.07 3 0.00 987 275 806 95 391 Regression
TrinidadandTobago 969 0.02 26 0.01 26539 13163 17851 4476 11375 Regression
Tunisia 7375 0.16 107 0.04 14538 4439 11250 1151 6191 Regression
Turkey 48061 1.05 1547 0.59 32185 6165 28716 2696 8024 Regression
Turkmenistan 3149 0.07 4 0.00 1334 85 1376 127 610 Regression
Uganda 13596 0.30 14 0.01 996 129 952 85 402 Regression
Ukraine 36434 0.79 275 0.10 7538 2372 6274 1108 1148 Regression
UnitedArabEmirates 7468 0.16 804 0.31 107698 61113 58116 11531 16676 Regression
UnitedKingdom 49242 1.07 11672 4.46 237025 160369 127850 51194 111331 Original
UnitedStates 228417 4.98 65810 25.14 288115 246261 99631 57778 46110 Original
Uruguay 2373 0.05 114 0.04 48118 17431 33442 2755 18857 Regression
Venezuela 17836 0.39 403 0.15 22581 12647 10265 331 8838 Regression
Vietnam 60250 1.31 339 0.13 5622 820 5280 477 2189 Regression
Yemen 11061 0.24 30 0.01 2719 656 2130 67 836 Regression
Zambia 5978 0.13 15 0.01 2452 986 1674 208 834 Regression
Zimbabwe 6080 0.13 10 0.00 1670 782 1065 178 676 Regression
