Afghanistan 13307 0.29 27 0.01 1992 370 1649 27 879 Regression
Albania 2053 0.04 44 0.02 21655 3077 19615 1037 10602 Regression
Algeria 23946 0.51 193 0.07 8073 3151 5466 545 2497 Regression
Angola 10810 0.23 59 0.02 5436 2330 3681 576 2055 Regression
Argentina 27712 0.59 790 0.28 28493 10681 19768 1956 7953 Regression
Armenia 2115 0.05 28 0.01 13405 3797 10357 749 5954 Regression
Australia 17193 0.37 7111 2.57 413596 209397 309614 105416 219763 Original
Austria 6820 0.15 1623 0.59 238049 106160 164365 32476 73109 Original
Azerbaijan 6409 0.14 79 0.03 12314 1117 11729 532 5465 Regression
Bahamas 239 0.01 11 0.00 45061 32763 42135 29837 4518 Regression
Bahrain 962 0.02 64 0.02 66178 36799 36805 7426 8167 Regression
Bangladesh 89993 1.93 303 0.11 3363 727 2769 134 1409 Regression
Barbados 211 0.00 10 0.00 48440 19540 44873 15973 17910 Regression
Belarus 7447 0.16 88 0.03 11783 3208 9653 1078 5902 Regression
Belgium 8587 0.18 2450 0.88 285294 169767 150442 34915 174402 Original
Belize 189 0.00 2 0.00 9300 2522 8525 1747 3129 Regression
Benin 4515 0.10 7 0.00 1595 445 1268 118 636 Regression
Bolivia 5902 0.13 37 0.01 6352 2209 4915 772 2077 Regression
BosniaandHerzegovina 2786 0.06 63 0.02 22791 3379 21428 2016 11143 Regression
Botswana 1131 0.02 14 0.00 12224 10202 4552 2530 3874 Regression
Brazil 135705 2.91 3396 1.23 25028 16040 15188 6200 6060 Regression
BritishCaribbean 507 0.01 15 0.01 29402 5554 29695 5848 10467 Regression
Brunei 267 0.01 12 0.00 43298 13724 34242 4668 4729 Regression
Bulgaria 5954 0.13 140 0.05 23472 10405 15797 2729 11186 Regression
BurkinaFaso 7264 0.16 8 0.00 1056 219 914 76 433 Regression
Burundi 4098 0.09 2 0.00 463 83 419 40 201 Regression
Cambodia 8432 0.18 26 0.01 3085 433 2872 221 1218 Regression
Cameroon 9969 0.21 20 0.01 2011 946 1225 160 745 Regression
Canada 27191 0.58 7799 2.81 286822 180012 169589 62779 108147 Original
CentralAfricanRepublic 1960 0.04 1 0.00 562 326 310 74 181 Regression
Chad 5275 0.11 6 0.00 1106 443 735 72 414 Regression
Chile 12363 0.27 692 0.25 55957 31688 32397 8128 17831 Original
China 1043058 22.36 34611 12.49 33183 14443 21022 2282 12188 Original
Colombia 30011 0.64 439 0.16 14632 6399 11733 3500 4733 Regression
Comoros 357 0.01 2 0.00 5032 1158 4123 248 1767 Regression
CongoDemRep 30435 0.65 27 0.01 898 224 703 29 313 Regression
CongoRep 2197 0.05 7 0.00 3043 1202 2043 202 1019 Regression
CostaRica 3211 0.07 93 0.03 28943 8639 23756 3452 9817 Regression
Croatia 3396 0.07 169 0.06 49876 17571 39264 6959 24674 Regression
Cyprus 649 0.01 84 0.03 129539 100485 85137 56082 40577 Regression
Czechia 8512 0.18 384 0.14 45059 24515 28777 8234 18883 Original
Denmark 4315 0.09 1016 0.37 235499 197692 151417 113610 84104 Original
Djibouti 511 0.01 1 0.00 1430 661 1041 272 558 Regression
DutchCaribbean 232 0.00 12 0.00 50104 14969 44095 8960 19566 Regression
Ecuador 9406 0.20 128 0.05 13648 3348 11547 1247 4505 Regression
Egypt 50422 1.08 784 0.28 15553 3392 12962 800 5246 Regression
ElSalvador 3698 0.08 74 0.03 20076 8444 13137 1505 6907 Regression
EquatorialGuinea 559 0.01 8 0.00 14903 13303 2759 1159 4907 Regression
Eritrea 1610 0.03 3 0.00 1935 288 1730 83 713 Regression
Estonia 1049 0.02 49 0.02 46954 21593 34839 9479 22525 Original
Ethiopia 42156 0.90 60 0.02 1432 118 1356 41 646 Regression
Fiji 535 0.01 5 0.00 10112 1921 9431 1241 4145 Regression
Finland 4212 0.09 645 0.23 153237 71568 122661 40992 73919 Original
France 48175 1.03 13384 4.83 277821 115755 197872 35805 125742 Original
FrenchCaribbean 616 0.01 35 0.01 57535 22419 46416 11301 19011 Regression
Gabon 952 0.02 11 0.00 11259 9174 3031 946 4767 Regression
Gambia 850 0.02 1 0.00 1012 307 774 69 366 Regression
Georgia 3045 0.07 37 0.01 12119 3749 9015 644 2800 Regression
Germany 66059 1.42 12665 4.57 191731 93155 129612 31036 40772 Original
Ghana 13336 0.29 53 0.02 4002 1304 2938 240 1627 Regression
Greece 8610 0.18 1094 0.39 127081 35304 113345 21569 74124 Original
Guinea 4612 0.10 7 0.00 1433 356 1127 51 542 Regression
GuineaBissau 751 0.02 1 0.00 1060 410 723 73 441 Regression
Guyana 440 0.01 4 0.00 9417 2643 8091 1316 3727 Regression
Haiti 5589 0.12 6 0.00 1025 505 654 134 284 Regression
HongKong 5873 0.13 1935 0.70 329479 230966 135057 36544 103934 Regression
Hungary 7841 0.17 259 0.09 33079 18812 20126 5860 14332 Original
Iceland 236 0.01 52 0.02 220222 136824 147956 64558 147954 Regression
India 773715 16.59 7353 2.65 9504 2365 7938 799 2058 Original
Indonesia 157552 3.38 1848 0.67 11728 3469 8724 464 1668 Original
Iran 51783 1.11 748 0.27 14448 2929 12847 1328 5493 Regression
Iraq 15803 0.34 193 0.07 12223 1791 10806 374 5536 Regression
Ireland 3351 0.07 654 0.24 195140 130214 136967 72041 76338 Original
Israel 4969 0.11 720 0.26 144840 121752 50644 27556 35606 Original
Italy 48778 1.05 11628 4.19 238392 101232 161705 24545 132256 Original
Jamaica 1840 0.04 34 0.01 18273 5737 14627 2091 5879 Regression
Japan 105386 2.26 27161 9.80 257728 176439 113025 31736 134931 Original
Jordan 4395 0.09 96 0.03 21938 13209 11116 2386 9276 Regression
Kazakhstan 11351 0.24 247 0.09 21746 4833 18681 1767 4067 Regression
Kenya 20943 0.45 102 0.04 4864 906 4267 308 1745 Regression
Korea 39305 0.84 5701 2.06 145039 59718 112756 27434 46861 Original
Kuwait 2468 0.05 300 0.11 121456 93418 39078 11040 21547 Regression
Kyrgyzstan 3389 0.07 17 0.01 4883 777 4242 136 2019 Regression
Laos 3490 0.07 13 0.00 3606 755 3133 282 1028 Regression
Latvia 1655 0.04 68 0.02 41188 12734 34289 5836 18890 Original
Lebanon 3652 0.08 180 0.07 49350 11418 42043 4111 17364 Regression
Lesotho 1112 0.02 2 0.00 1633 811 1088 266 483 Regression
Liberia 1973 0.04 5 0.00 2351 618 1792 59 905 Regression
Libya 3924 0.08 73 0.03 18681 4864 14755 939 7480 Regression
Lithuania 2390 0.05 85 0.03 35693 14524 26413 5244 16523 Original
Luxembourg 413 0.01 166 0.06 402750 212050 273345 82645 209337 Original
Madagascar 10502 0.23 15 0.01 1456 206 1306 55 576 Regression
Malawi 6720 0.14 6 0.00 885 89 852 56 320 Regression
Malaysia 18696 0.40 468 0.17 25042 7062 24704 6724 7830 Regression
Maldives 275 0.01 3 0.00 11983 409 12350 776 4626 Regression
Mali 6761 0.14 8 0.00 1208 432 890 114 496 Regression
Malta 337 0.01 36 0.01 107803 69955 57933 20086 58903 Regression
Mauritania 1831 0.04 4 0.00 1939 523 1586 170 799 Regression
Mauritius 895 0.02 40 0.01 44162 25806 23009 4653 20684 Regression
Melanesia 583 0.01 12 0.00 20167 4726 18962 3521 8699 Regression
Mexico 73252 1.57 2763 1.00 37725 17276 21574 1124 13217 Original
Micronesia 300 0.01 2 0.00 7277 1767 6487 976 3024 Regression
Moldova 3140 0.07 28 0.01 8839 2050 7269 480 4217 Regression
Mongolia 1812 0.04 12 0.00 6435 739 6800 1104 2763 Regression
Montenegro 465 0.01 16 0.01 34312 14259 23936 3883 17267 Regression
Morocco 21345 0.46 233 0.08 10920 3071 9043 1194 3276 Regression
Mozambique 10996 0.24 10 0.00 941 262 805 125 370 Regression
Myanmar 31844 0.68 105 0.04 3302 1821 1515 33 1616 Regression
Namibia 1143 0.02 15 0.01 13055 11435 5108 3488 4114 Regression
Nepal 14408 0.31 34 0.01 2391 322 2300 231 949 Regression
Netherlands 12917 0.28 3428 1.24 265408 201779 148742 85113 98700 Original
NewZealand 3259 0.07 854 0.31 262201 176757 123405 37961 124899 Original
Nicaragua 3464 0.07 30 0.01 8664 1304 7830 469 2795 Regression
Niger 7149 0.15 6 0.00 810 120 727 38 343 Regression
Nigeria 77301 1.66 270 0.10 3494 2325 1478 309 856 Regression
Norway 3788 0.08 1205 0.43 318111 154930 285595 122414 150447 Original
Oman 2531 0.05 115 0.04 45267 19899 29425 4057 14128 Regression
Pakistan 99164 2.13 404 0.15 4072 1256 2922 106 1804 Regression
Panama 2386 0.05 63 0.02 26428 9126 21528 4225 8439 Regression
PapuaNewGuinea 4017 0.09 23 0.01 5631 1488 4436 293 1855 Regression
Paraguay 3735 0.08 40 0.01 10649 2850 9164 1365 3427 Regression
Peru 18235 0.39 264 0.10 14500 6192 10190 1882 2551 Regression
Philippines 55489 1.19 495 0.18 8919 3424 6220 725 1880 Regression
Poland 30227 0.65 1424 0.51 47123 14949 38220 6046 16241 Regression
Polynesia 393 0.01 9 0.00 23454 4615 22428 3589 9767 Regression
Portugal 8418 0.18 915 0.33 108644 54565 80984 26904 44800 Regression
Qatar 1860 0.04 188 0.07 100927 67147 43696 9917 60977 Regression
Romania 15910 0.34 420 0.15 26372 6341 22598 2567 12416 Regression
Russia 114056 2.45 3013 1.09 26415 9329 19852 2766 5487 Original
Rwanda 5160 0.11 14 0.00 2659 273 2501 114 960 Regression
SaoTomeandPrincipe 89 0.00 0 0.00 1708 1013 1211 516 786 Regression
SaudiArabia 18981 0.41 977 0.35 51473 26830 28775 4131 9469 Regression
Senegal 6214 0.13 22 0.01 3509 740 2995 226 1370 Regression
Serbia 5538 0.12 101 0.04 18308 4405 15410 1508 8841 Regression
Seychelles 65 0.00 2 0.00 33888 17225 20253 3590 14858 Regression
SierraLeone 3164 0.07 2 0.00 689 304 419 33 288 Regression
Singapore 4315 0.09 1127 0.41 261120 156893 154018 49792 76759 Original
Slovakia 4271 0.09 206 0.07 48333 14984 40197 6848 33299 Original
Slovenia 1667 0.04 144 0.05 86599 27820 68480 9701 50293 Original
SouthAfrica 32618 0.70 821 0.30 25176 20174 10783 5781 6877 Original
Spain 37710 0.81 8070 2.91 213999 61411 183438 30850 117126 Original
SriLanka 13834 0.30 209 0.08 15131 2403 13141 413 6221 Regression
Sudan 17174 0.37 54 0.02 3120 1052 2310 242 1317 Regression
Suriname 339 0.01 2 0.00 7203 2413 5844 1055 2103 Regression
Sweden 7392 0.16 1726 0.62 233509 177795 120106 64392 72356 Original
Switzerland 6408 0.14 3310 1.19 516546 358803 284816 127073 101639 Original
Syria 10851 0.23 95 0.03 8776 1085 7860 169 3548 Regression
Taiwan 18387 0.39 3118 1.12 169601 126102 66309 22810 71220 Original
Tajikistan 4274 0.09 26 0.01 6043 732 5438 127 2660 Regression
Tanzania 21336 0.46 44 0.02 2072 283 1898 109 878 Regression
Thailand 50482 1.08 1019 0.37 20188 8124 16263 4199 7073 Regression
TimorLeste 543 0.01 2 0.00 3781 514 3353 86 2050 Regression
Togo 3238 0.07 3 0.00 974 263 808 97 361 Regression
TrinidadandTobago 979 0.02 29 0.01 29464 14354 19805 4694 11969 Regression
Tunisia 7471 0.16 117 0.04 15607 4668 12162 1223 6304 Regression
Turkey 49074 1.05 1819 0.66 37057 7130 33286 3359 9146 Regression
Turkmenistan 3225 0.07 12 0.00 3592 296 3472 176 1645 Regression
Uganda 14112 0.30 20 0.01 1450 140 1411 102 549 Regression
Ukraine 36328 0.78 335 0.12 9217 2924 7416 1123 1474 Regression
UnitedArabEmirates 7553 0.16 750 0.27 99353 56948 53724 11319 16215 Regression
UnitedKingdom 49674 1.06 12245 4.42 246513 166255 132352 52094 113643 Original
UnitedStates 231160 4.96 70831 25.55 306417 262535 100716 56835 48842 Original
Uruguay 2391 0.05 133 0.05 55420 19158 39307 3045 20145 Regression
Venezuela 18222 0.39 544 0.20 29827 16532 13813 518 10764 Regression
Vietnam 61531 1.32 430 0.16 6986 1042 6492 548 2616 Regression
Yemen 11535 0.25 37 0.01 3245 823 2496 74 928 Regression
Zambia 6190 0.13 18 0.01 2953 1154 2039 241 883 Regression
Zimbabwe 6183 0.13 16 0.01 2662 919 1959 216 1015 Regression
