Afghanistan 13929 0.29 25 0.01 1824 383 1463 22 797 Regression
Albania 2076 0.04 49 0.02 23662 3251 21463 1051 11829 Regression
Algeria 24520 0.52 209 0.07 8509 3554 5574 619 2268 Regression
Angola 11209 0.24 69 0.02 6126 2808 3960 643 2051 Regression
Argentina 28120 0.59 868 0.29 30855 13448 19381 1975 8344 Regression
Armenia 2134 0.05 32 0.01 14779 4851 10700 772 6469 Regression
Australia 17490 0.37 6572 2.23 375749 189230 280029 93510 184127 Original
Austria 6889 0.15 1788 0.61 259561 114446 178671 33555 82054 Original
Azerbaijan 6531 0.14 89 0.03 13589 1318 12950 679 5909 Regression
Bahamas 244 0.01 10 0.00 41656 32751 38354 29449 3568 Regression
Bahrain 975 0.02 69 0.02 70338 38617 39994 8273 10404 Regression
Bangladesh 91940 1.94 362 0.12 3937 958 3128 149 1618 Regression
Barbados 212 0.00 11 0.00 52973 21198 48081 16306 15718 Regression
Belarus 7451 0.16 116 0.04 15614 4425 12643 1453 8029 Regression
Belgium 8649 0.18 2679 0.91 309706 182024 165066 37383 192837 Original
Belize 196 0.00 2 0.00 9352 2654 8400 1702 2441 Regression
Benin 4661 0.10 8 0.00 1732 467 1396 132 621 Regression
Bolivia 6043 0.13 43 0.01 7048 2502 5429 884 1831 Regression
BosniaandHerzegovina 2741 0.06 70 0.02 25537 3457 24108 2027 12726 Regression
Botswana 1149 0.02 14 0.00 12223 10430 4174 2381 3233 Regression
Brazil 137962 2.91 3343 1.13 24233 14930 15609 6305 4617 Regression
BritishCaribbean 516 0.01 17 0.01 31999 6410 31455 5867 9088 Regression
Brunei 272 0.01 12 0.00 43362 15305 32982 4925 5195 Regression
Bulgaria 5924 0.13 155 0.05 26218 12327 16777 2886 12652 Regression
BurkinaFaso 7508 0.16 9 0.00 1193 245 1040 91 445 Regression
Burundi 4249 0.09 2 0.00 528 92 476 39 207 Regression
Cambodia 8687 0.18 28 0.01 3169 467 2975 273 1202 Regression
Cameroon 10282 0.22 24 0.01 2287 1013 1441 167 746 Regression
Canada 27573 0.58 7883 2.67 285885 179316 167078 60509 108129 Original
CentralAfricanRepublic 1948 0.04 1 0.00 324 197 179 52 88 Regression
Chad 5476 0.12 7 0.00 1203 472 811 80 398 Regression
Chile 12586 0.27 721 0.24 57288 33878 32130 8720 17857 Original
China 1052221 22.21 40826 13.83 38800 17386 24241 2827 14100 Original
Colombia 30611 0.65 427 0.14 13946 6382 11158 3594 4247 Regression
Comoros 368 0.01 2 0.00 5645 1191 4720 266 1719 Regression
CongoDemRep 31454 0.66 28 0.01 887 209 707 29 269 Regression
CongoRep 2246 0.05 10 0.00 4271 1615 2879 222 1227 Regression
CostaRica 3278 0.07 101 0.03 30704 10400 24059 3755 8404 Regression
Croatia 3388 0.07 186 0.06 54940 18826 43147 7033 27722 Regression
Cyprus 648 0.01 83 0.03 127836 98375 84417 54956 40017 Regression
Czechia 8531 0.18 409 0.14 47989 25555 30929 8495 17614 Original
Denmark 4353 0.09 1124 0.38 258152 214223 159366 115437 95578 Original
Djibouti 524 0.01 1 0.00 1807 887 1269 349 666 Regression
DutchCaribbean 237 0.00 12 0.00 50223 15113 44010 8900 17324 Regression
Ecuador 9620 0.20 140 0.05 14503 3971 11849 1317 3818 Regression
Egypt 51506 1.09 790 0.27 15346 3796 12327 777 4858 Regression
ElSalvador 3762 0.08 79 0.03 21033 9565 13044 1576 5838 Regression
EquatorialGuinea 587 0.01 11 0.00 19361 17786 3196 1620 5445 Regression
Eritrea 1618 0.03 3 0.00 2083 309 1866 92 719 Regression
Estonia 1048 0.02 54 0.02 51394 24905 36405 9917 25338 Original
Ethiopia 43816 0.92 75 0.03 1719 188 1575 44 725 Regression
Fiji 536 0.01 7 0.00 12298 2361 11330 1393 4870 Regression
Finland 4241 0.09 706 0.24 166519 79858 130058 43397 76032 Original
France 48438 1.02 14098 4.77 291056 124471 204241 37656 131107 Original
FrenchCaribbean 616 0.01 37 0.01 60531 24438 47905 11812 17222 Regression
Gabon 996 0.02 12 0.00 12405 10003 3515 1113 4817 Regression
Gambia 881 0.02 1 0.00 1255 431 890 66 398 Regression
Georgia 3036 0.06 38 0.01 12392 4603 8480 690 3784 Regression
Germany 66311 1.40 13846 4.69 208807 101063 140294 32550 45424 Original
Ghana 13716 0.29 69 0.02 4995 1389 3917 311 1834 Regression
Greece 8594 0.18 1151 0.39 133948 41003 113743 20798 77298 Original
Guinea 4742 0.10 8 0.00 1658 447 1274 64 562 Regression
GuineaBissau 775 0.02 1 0.00 1150 399 821 70 440 Regression
Guyana 447 0.01 4 0.00 9775 3108 8101 1435 3196 Regression
Haiti 5716 0.12 6 0.00 1134 571 702 138 240 Regression
HongKong 5939 0.13 2158 0.73 363318 258618 143622 38922 113005 Regression
Hungary 7850 0.17 263 0.09 33457 20051 18958 5552 14865 Original
Iceland 238 0.01 56 0.02 234662 148195 153992 67525 159959 Regression
India 789839 16.67 7541 2.55 9548 2287 8053 792 2090 Original
Indonesia 160281 3.38 1847 0.63 11524 3773 8165 414 2674 Regression
Iran 52770 1.11 715 0.24 13554 2787 11658 891 4980 Regression
Iraq 16585 0.35 251 0.08 15111 2645 12914 448 6813 Regression
Ireland 3349 0.07 682 0.23 203602 134043 142603 73044 74917 Original
Israel 5034 0.11 818 0.28 162487 134627 58399 30539 53309 Original
Italy 49070 1.04 12144 4.11 247485 110629 162075 25220 129579 Original
Jamaica 1866 0.04 32 0.01 16966 5941 13152 2128 4308 Regression
Japan 105393 2.22 23122 7.83 219391 153105 92760 26475 111279 Original
Jordan 4644 0.10 114 0.04 24490 15102 11937 2549 9952 Regression
Kazakhstan 11531 0.24 338 0.11 29325 6141 25336 2153 6007 Regression
Kenya 21645 0.46 117 0.04 5385 1212 4517 344 1692 Regression
Korea 39849 0.84 5989 2.03 150300 63690 115602 28992 49870 Original
Kuwait 2611 0.06 324 0.11 124064 99519 35639 11094 23677 Regression
Kyrgyzstan 3459 0.07 19 0.01 5545 916 4797 168 2247 Regression
Laos 3601 0.08 18 0.01 4888 1081 4132 325 1262 Regression
Latvia 1638 0.03 76 0.03 46237 14295 37626 5683 21915 Original
Lebanon 3871 0.08 179 0.06 46235 11317 38848 3929 16079 Regression
Lesotho 1129 0.02 2 0.00 1592 822 1048 278 386 Regression
Liberia 2030 0.04 6 0.00 2728 764 2032 68 934 Regression
Libya 3959 0.08 56 0.02 14058 9901 5181 1024 5176 Regression
Lithuania 2370 0.05 97 0.03 41030 16606 29850 5426 19256 Original
Luxembourg 423 0.01 192 0.06 453480 229307 311024 86852 243199 Original
Madagascar 10865 0.23 17 0.01 1551 211 1399 59 548 Regression
Malawi 6957 0.15 6 0.00 817 74 784 41 258 Regression
Malaysia 19155 0.40 499 0.17 26069 8085 24871 6888 7534 Regression
Maldives 294 0.01 5 0.00 15461 534 15777 851 5692 Regression
Mali 6946 0.15 10 0.00 1498 514 1115 130 555 Regression
Malta 341 0.01 42 0.01 123122 74833 69588 21300 69104 Regression
Mauritania 1894 0.04 4 0.00 2038 529 1686 178 765 Regression
Mauritius 906 0.02 42 0.01 46300 27613 23828 5141 20437 Regression
Melanesia 597 0.01 15 0.01 25381 6265 22844 3728 10653 Regression
Mexico 74810 1.58 2852 0.97 38128 16585 22723 1180 12491 Original
Micronesia 304 0.01 3 0.00 9051 2288 7744 981 3631 Regression
Moldova 3161 0.07 31 0.01 9849 2298 8082 531 4790 Regression
Mongolia 1850 0.04 11 0.00 6021 810 6599 1388 2543 Regression
Montenegro 467 0.01 20 0.01 42741 18010 28667 3936 21908 Regression
Morocco 21780 0.46 264 0.09 12130 3185 10221 1276 3309 Regression
Mozambique 11305 0.24 10 0.00 917 274 775 132 324 Regression
Myanmar 32328 0.68 111 0.04 3427 2029 1450 51 1692 Regression
Namibia 1170 0.02 17 0.01 14809 13021 5107 3320 3923 Regression
Nepal 14467 0.31 36 0.01 2460 315 2393 248 945 Regression
Netherlands 12985 0.27 3584 1.21 275997 207677 155581 87261 101993 Original
NewZealand 3306 0.07 939 0.32 284026 188890 135096 39961 136119 Original
Nicaragua 3547 0.07 31 0.01 8716 1419 7824 527 2235 Regression
Niger 7420 0.16 7 0.00 892 128 804 40 345 Regression
Nigeria 79339 1.67 430 0.15 5426 3810 2048 432 1405 Regression
Norway 3851 0.08 1158 0.39 300725 150423 268259 117957 137607 Original
Oman 2768 0.06 118 0.04 42621 20384 25949 3713 12292 Regression
Pakistan 102133 2.16 417 0.14 4081 1348 2829 96 1783 Regression
Panama 2439 0.05 71 0.02 29210 10608 22839 4237 7349 Regression
PapuaNewGuinea 4119 0.09 22 0.01 5440 1593 4134 286 1671 Regression
Paraguay 3826 0.08 47 0.02 12398 3129 10840 1571 3160 Regression
Peru 18608 0.39 277 0.09 14861 6888 9996 2022 2752 Regression
Philippines 56840 1.20 535 0.18 9411 3824 6363 776 1977 Regression
Poland 30317 0.64 1581 0.54 52160 16744 41908 6492 20781 Regression
Polynesia 396 0.01 12 0.00 30272 6223 27858 3808 12168 Regression
Portugal 8395 0.18 1031 0.35 122796 57733 92120 27057 49106 Regression
Qatar 1969 0.04 208 0.07 105857 72067 44621 10832 62777 Regression
Romania 15864 0.33 533 0.18 33625 8325 28011 2711 15756 Regression
Russia 114089 2.41 3208 1.09 28116 9950 21420 3254 5699 Original
Rwanda 5315 0.11 14 0.00 2645 293 2466 114 839 Regression
SaoTomeandPrincipe 90 0.00 0 0.00 2239 1259 1509 528 968 Regression
SaudiArabia 19915 0.42 1062 0.36 53344 30016 27598 4270 10428 Regression
Senegal 6401 0.14 25 0.01 3832 766 3303 236 1335 Regression
Serbia 5536 0.12 128 0.04 23133 5227 19394 1488 11236 Regression
Seychelles 65 0.00 3 0.00 39346 19832 23732 4218 15966 Regression
SierraLeone 3253 0.07 4 0.00 1190 555 670 36 452 Regression
Singapore 4402 0.09 1135 0.38 257776 159317 148740 50280 68594 Original
Slovakia 4292 0.09 222 0.08 51709 16059 43315 7665 35467 Original
Slovenia 1670 0.04 154 0.05 92287 28932 73096 9741 52933 Original
SouthAfrica 33307 0.70 766 0.26 22989 18435 9431 4877 4636 Original
Spain 37618 0.79 7972 2.70 211910 69989 172562 30641 109069 Original
SriLanka 13962 0.29 241 0.08 17243 2863 14846 465 6870 Regression
Sudan 17691 0.37 50 0.02 2840 1065 2007 232 1091 Regression
Suriname 344 0.01 3 0.00 8218 2862 6528 1173 1775 Regression
Sweden 7469 0.16 1882 0.64 251929 195295 123765 67131 74952 Original
Switzerland 6503 0.14 3589 1.22 551861 383059 301841 133039 108377 Original
Syria 10577 0.22 53 0.02 5001 697 4399 96 1964 Regression
Taiwan 18570 0.39 3392 1.15 182667 133298 73529 24159 73240 Regression
Tajikistan 4392 0.09 28 0.01 6442 860 5771 188 2806 Regression
Tanzania 22045 0.47 51 0.02 2333 297 2154 118 910 Regression
Thailand 50916 1.07 1026 0.35 20158 7944 16496 4282 7249 Regression
TimorLeste 560 0.01 2 0.00 3584 680 3006 102 1974 Regression
Togo 3333 0.07 4 0.00 1099 276 943 120 361 Regression
TrinidadandTobago 988 0.02 32 0.01 32793 15548 21986 4741 11081 Regression
Tunisia 7560 0.16 124 0.04 16459 4986 12726 1253 5981 Regression
Turkey 50119 1.06 1970 0.67 39304 6821 35867 3385 13037 Regression
Turkmenistan 3298 0.07 39 0.01 11841 1883 10145 186 5401 Regression
Uganda 14668 0.31 20 0.01 1376 159 1313 96 463 Regression
Ukraine 36192 0.76 368 0.12 10154 3441 7908 1194 1614 Regression
UnitedArabEmirates 7572 0.16 870 0.29 114923 69758 55553 10388 19428 Regression
UnitedKingdom 50092 1.06 13328 4.51 266079 174515 145837 54272 112806 Original
UnitedStates 233896 4.94 79252 26.84 338836 288634 107358 57156 53582 Original
Uruguay 2408 0.05 143 0.05 59438 21782 39725 2069 17731 Original
Venezuela 18546 0.39 542 0.18 29203 17736 12108 641 8565 Regression
Vietnam 62760 1.32 465 0.16 7411 1267 6746 602 2651 Regression
Yemen 12015 0.25 45 0.02 3750 1053 2784 87 973 Regression
Zambia 6415 0.14 23 0.01 3514 1438 2324 248 885 Regression
Zimbabwe 6282 0.13 18 0.01 2923 976 2175 227 995 Regression
