Afghanistan 14579 0.30 24 0.01 1676 317 1376 18 666 Regression
Albania 2100 0.04 49 0.02 23279 3244 21088 1052 11036 Regression
Algeria 25052 0.52 214 0.07 8530 3545 5643 658 2154 Regression
Angola 11619 0.24 86 0.03 7405 3400 4761 756 2355 Regression
Argentina 28525 0.59 776 0.26 27197 13055 15989 1847 8413 Regression
Armenia 2149 0.04 29 0.01 13499 3813 10483 797 5351 Regression
Australia 17780 0.37 6621 2.22 372382 186763 275815 90196 183506 Original
Austria 6961 0.14 1683 0.56 241742 103404 167992 29654 78782 Original
Azerbaijan 6645 0.14 90 0.03 13570 1345 12983 758 5413 Regression
Bahamas 249 0.01 10 0.00 41718 30465 39023 27770 3980 Regression
Bahrain 997 0.02 75 0.03 75159 45147 37336 7325 11258 Regression
Bangladesh 93908 1.95 388 0.13 4135 878 3421 165 1528 Regression
Barbados 214 0.00 11 0.00 51971 23158 45731 16918 14827 Regression
Belarus 7449 0.15 118 0.04 15846 4857 12532 1544 7785 Regression
Belgium 8709 0.18 2503 0.84 287397 169746 152155 34504 183561 Original
Belize 203 0.00 2 0.00 8996 2361 8179 1544 2223 Regression
Benin 4813 0.10 8 0.00 1662 466 1331 136 572 Regression
Bolivia 6186 0.13 45 0.01 7223 2418 5747 941 1834 Regression
BosniaandHerzegovina 2696 0.06 66 0.02 24483 3413 23038 1968 11539 Regression
Botswana 1168 0.02 15 0.01 12795 10286 4791 2282 3070 Regression
Brazil 140233 2.92 3111 1.04 22184 13188 14931 5935 4032 Regression
BritishCaribbean 524 0.01 18 0.01 33863 6558 33274 5970 9298 Regression
Brunei 277 0.01 11 0.00 38222 13009 29531 4318 4293 Regression
Bulgaria 5888 0.12 155 0.05 26264 13504 15762 3002 11870 Regression
BurkinaFaso 7760 0.16 9 0.00 1147 233 1006 92 415 Regression
Burundi 4400 0.09 2 0.00 539 84 493 38 205 Regression
Cambodia 8931 0.19 29 0.01 3219 452 3076 309 1065 Regression
Cameroon 10603 0.22 25 0.01 2320 1033 1465 178 715 Regression
Canada 27948 0.58 7843 2.63 280634 178276 159521 57163 105454 Original
CentralAfricanRepublic 1941 0.04 1 0.00 386 180 264 58 95 Regression
Chad 5685 0.12 7 0.00 1230 462 851 83 387 Regression
Chile 12820 0.27 725 0.24 56540 33902 31066 8428 17057 Original
China 1060898 22.05 44887 15.04 42310 19519 26111 3320 14836 Original
Colombia 31256 0.65 412 0.14 13169 5854 10401 3086 3867 Regression
Comoros 379 0.01 2 0.00 5250 1132 4383 265 1473 Regression
CongoDemRep 32521 0.68 28 0.01 870 207 693 31 248 Regression
CongoRep 2298 0.05 9 0.00 3760 1367 2626 234 1004 Regression
CostaRica 3343 0.07 95 0.03 28427 10237 22007 3817 7690 Regression
Croatia 3380 0.07 180 0.06 53211 20190 39995 6975 25387 Regression
Cyprus 647 0.01 78 0.03 121188 93837 81290 53938 29278 Regression
Czechia 8541 0.18 446 0.15 52269 25617 34744 8092 15990 Original
Denmark 4390 0.09 1096 0.37 249797 210997 142684 103885 109648 Original
Djibouti 538 0.01 1 0.00 1913 904 1371 362 672 Regression
DutchCaribbean 241 0.01 11 0.00 47251 13459 42472 8681 16647 Regression
Ecuador 9844 0.20 143 0.05 14568 4222 11656 1310 3760 Regression
Egypt 52629 1.09 833 0.28 15827 3730 12888 791 4939 Regression
ElSalvador 3824 0.08 77 0.03 20108 9241 12469 1602 5508 Regression
EquatorialGuinea 617 0.01 11 0.00 18607 17120 3171 1683 4792 Regression
Eritrea 1621 0.03 4 0.00 2378 314 2163 99 838 Regression
Estonia 1046 0.02 59 0.02 56354 28240 38386 10273 26240 Original
Ethiopia 45568 0.95 86 0.03 1896 188 1754 46 793 Regression
Fiji 536 0.01 6 0.00 10906 2180 10150 1424 3836 Regression
Finland 4267 0.09 729 0.24 170933 83601 131157 43825 76346 Original
France 48681 1.01 12461 4.18 255970 113183 176769 33982 114345 Original
FrenchCaribbean 615 0.01 36 0.01 57925 24345 45514 11935 16833 Regression
Gabon 1040 0.02 13 0.00 12847 10246 3731 1130 4352 Regression
Gambia 913 0.02 1 0.00 1533 557 1039 63 452 Regression
Georgia 3025 0.06 35 0.01 11420 3896 8300 775 3263 Regression
Germany 66609 1.38 12799 4.29 192151 92822 128255 28927 44974 Original
Ghana 14107 0.29 48 0.02 3393 1117 2527 251 1199 Regression
Greece 8576 0.18 1103 0.37 128602 41158 107308 19864 73651 Original
Guinea 4882 0.10 7 0.00 1533 414 1191 71 491 Regression
GuineaBissau 799 0.02 1 0.00 972 332 706 66 358 Regression
Guyana 455 0.01 4 0.00 8904 3301 6877 1273 2860 Regression
Haiti 5844 0.12 7 0.00 1140 587 695 142 232 Regression
HongKong 5999 0.12 2107 0.71 351284 247414 145275 41405 100974 Regression
Hungary 7853 0.16 273 0.09 34779 21050 19006 5277 14724 Original
Iceland 240 0.00 65 0.02 269123 166623 171179 68679 177783 Regression
India 805892 16.75 8283 2.78 10278 2434 8704 860 2364 Original
Indonesia 163123 3.39 1934 0.65 11858 3388 8913 443 2609 Regression
Iran 53681 1.12 633 0.21 11795 1940 10691 836 3824 Regression
Iraq 17377 0.36 247 0.08 14226 2561 12097 432 5888 Regression
Ireland 3352 0.07 690 0.23 205945 124957 141896 60908 76463 Original
Israel 5103 0.11 854 0.29 167314 140738 53345 26770 56539 Original
Italy 49324 1.03 11726 3.93 237742 99148 160607 22014 120190 Original
Jamaica 1893 0.04 30 0.01 16071 5857 12175 1961 3970 Regression
Japan 105386 2.19 21004 7.04 199302 137694 85036 23428 94115 Original
Jordan 4882 0.10 107 0.04 21960 13335 11103 2478 8055 Regression
Kazakhstan 11687 0.24 291 0.10 24937 5889 21030 1981 5001 Regression
Kenya 22375 0.47 128 0.04 5740 1262 4866 387 1704 Regression
Korea 40364 0.84 6157 2.06 152542 65383 116372 29213 51769 Original
Kuwait 2743 0.06 335 0.11 121998 99910 32957 10869 25022 Regression
Kyrgyzstan 3528 0.07 17 0.01 4866 736 4317 187 1770 Regression
Laos 3708 0.08 18 0.01 4853 1089 4095 331 1015 Regression
Latvia 1619 0.03 80 0.03 49232 14725 39971 5465 21916 Original
Lebanon 4059 0.08 179 0.06 44092 10487 37409 3804 12914 Regression
Lesotho 1147 0.02 2 0.00 1406 642 1021 257 307 Regression
Liberia 2089 0.04 6 0.00 3023 898 2204 79 986 Regression
Libya 3998 0.08 53 0.02 13156 9819 4523 1186 4778 Regression
Lithuania 2347 0.05 101 0.03 42859 17136 31427 5704 18834 Original
Luxembourg 434 0.01 204 0.07 470632 246299 315959 91626 241021 Original
Madagascar 11244 0.23 15 0.01 1366 187 1234 55 460 Regression
Malawi 7201 0.15 8 0.00 1044 70 1014 41 309 Regression
Malaysia 19619 0.41 500 0.17 25500 7580 24779 6858 7294 Regression
Maldives 315 0.01 5 0.00 14382 514 14727 859 4618 Regression
Mali 7140 0.15 11 0.00 1522 506 1154 139 540 Regression
Malta 346 0.01 46 0.02 131664 84997 68788 22121 70664 Regression
Mauritania 1959 0.04 4 0.00 1896 535 1530 169 691 Regression
Mauritius 916 0.02 42 0.01 45795 26565 24277 5047 19814 Regression
Melanesia 612 0.01 16 0.01 26913 6399 24342 3828 10116 Regression
Mexico 76362 1.59 2877 0.96 37682 16514 22272 1104 11743 Original
Micronesia 309 0.01 3 0.00 10037 2434 8649 1046 3567 Regression
Moldova 3178 0.07 29 0.01 9107 2238 7329 461 4185 Regression
Mongolia 1886 0.04 10 0.00 5423 688 6006 1271 2069 Regression
Montenegro 469 0.01 20 0.01 41710 18442 27006 3738 20172 Regression
Morocco 22210 0.46 254 0.09 11438 3086 9633 1282 3167 Regression
Mozambique 11637 0.24 10 0.00 853 242 744 133 289 Regression
Myanmar 32816 0.68 112 0.04 3401 2003 1446 48 1563 Regression
Namibia 1197 0.02 16 0.01 13745 11574 5152 2980 3333 Regression
Nepal 14588 0.30 34 0.01 2323 265 2329 271 785 Regression
Netherlands 13055 0.27 3434 1.15 263030 203257 133698 73925 93637 Original
NewZealand 3352 0.07 1025 0.34 305684 203611 143797 41725 146725 Original
Nicaragua 3629 0.08 31 0.01 8674 1319 7928 573 2178 Regression
Niger 7708 0.16 7 0.00 894 126 808 39 335 Regression
Nigeria 81470 1.69 442 0.15 5424 3770 2128 475 1030 Regression
Norway 3910 0.08 1004 0.34 256626 130550 227224 101148 114905 Original
Oman 2993 0.06 119 0.04 39717 17960 25266 3509 9519 Regression
Pakistan 105146 2.19 422 0.14 4010 1258 2850 98 1585 Regression
Panama 2493 0.05 74 0.02 29788 10986 23564 4762 7295 Regression
PapuaNewGuinea 4224 0.09 22 0.01 5122 1420 3959 257 1315 Regression
Paraguay 3917 0.08 45 0.02 11496 3115 10020 1639 2864 Regression
Peru 18992 0.39 260 0.09 13677 6404 9318 2045 2819 Regression
Philippines 58214 1.21 513 0.17 8816 3618 6001 802 1667 Regression
Poland 30372 0.63 1574 0.53 51813 15221 42467 5875 17954 Regression
Polynesia 398 0.01 13 0.00 32036 6465 29485 3913 11411 Regression
Portugal 8372 0.17 1025 0.34 122423 58887 90462 26927 49331 Regression
Qatar 2072 0.04 219 0.07 105822 72740 44419 11336 58837 Regression
Romania 15801 0.33 519 0.17 32848 9063 26532 2748 14531 Regression
Russia 114019 2.37 2490 0.83 21839 6760 17189 2110 4211 Original
Rwanda 5472 0.11 15 0.00 2690 270 2535 115 806 Regression
SaoTomeandPrincipe 92 0.00 0 0.00 2387 1372 1497 482 1008 Regression
SaudiArabia 20797 0.43 1074 0.36 51625 28565 27419 4358 10351 Regression
Senegal 6595 0.14 22 0.01 3269 620 2862 213 1084 Regression
Serbia 5531 0.11 112 0.04 20302 5008 16686 1392 9152 Regression
Seychelles 66 0.00 2 0.00 37259 21639 20104 4484 14601 Regression
SierraLeone 3344 0.07 3 0.00 989 497 528 35 362 Regression
Singapore 4477 0.09 1111 0.37 248187 159549 138392 49754 79074 Original
Slovakia 4309 0.09 235 0.08 54545 17667 45130 8252 35614 Original
Slovenia 1672 0.03 164 0.05 97809 30231 77258 9680 52140 Original
SouthAfrica 33978 0.71 766 0.26 22536 17893 9179 4536 4124 Original
Spain 37527 0.78 6573 2.20 175154 63295 137822 25963 84171 Original
SriLanka 14083 0.29 242 0.08 17178 2849 14859 530 6070 Regression
Sudan 18235 0.38 55 0.02 3010 1048 2177 215 1118 Regression
Suriname 350 0.01 3 0.00 8828 3043 7038 1253 1768 Regression
Sweden 7538 0.16 1770 0.59 234795 185690 107285 58181 66241 Original
Switzerland 6592 0.14 3382 1.13 513065 355363 280013 122311 102796 Original
Syria 10332 0.21 40 0.01 3862 506 3430 74 1349 Regression
Taiwan 18752 0.39 3567 1.20 190202 138673 76324 24795 72318 Regression
Tajikistan 4510 0.09 25 0.01 5567 731 5053 217 2208 Regression
Tanzania 22772 0.47 53 0.02 2349 279 2193 123 892 Regression
Thailand 51338 1.07 931 0.31 18140 8228 14393 4482 5513 Regression
Timor-Leste 578 0.01 2 0.00 3282 659 2731 108 1707 Regression
Togo 3430 0.07 4 0.00 1155 300 978 123 360 Regression
TrinidadandTobago 996 0.02 33 0.01 33227 17263 21345 5381 11042 Regression
Tunisia 7649 0.16 125 0.04 16371 4946 12680 1254 5701 Regression
Turkey 51196 1.06 1758 0.59 34345 7049 30580 3284 10053 Regression
Turkmenistan 3369 0.07 45 0.01 13260 2140 11326 207 5553 Regression
Uganda 15270 0.32 22 0.01 1424 149 1378 103 457 Regression
Ukraine 36019 0.75 211 0.07 5868 2086 4661 880 1040 Regression
UnitedArabEmirates 7597 0.16 913 0.31 120169 72859 58414 11103 21228 Regression
UnitedKingdom 50498 1.05 14080 4.72 278830 182792 148824 52786 113658 Original
UnitedStates 236556 4.92 85134 28.53 359888 304675 112253 57040 55868 Original
Uruguay 2426 0.05 142 0.05 58331 20451 39985 2105 17347 Regression
Venezuela 18768 0.39 703 0.24 37484 18839 19395 751 10832 Regression
Vietnam 63882 1.33 481 0.16 7529 1282 6878 630 2622 Regression
Yemen 12495 0.26 45 0.02 3637 970 2753 86 764 Regression
Zambia 6651 0.14 21 0.01 3171 1362 2047 239 725 Regression
Zimbabwe 6378 0.13 19 0.01 2902 1001 2134 233 944 Regression
