Afghanistan 15215 0.31 28 0.01 1835 347 1503 15 795 Regression
Albania 2118 0.04 43 0.01 20425 3067 18286 928 9686 Regression
Algeria 25554 0.52 199 0.07 7789 3624 4786 621 1955 Regression
Angola 12037 0.25 89 0.03 7420 3944 4327 852 2307 Regression
Argentina 28918 0.59 573 0.19 19824 7951 13465 1592 6117 Regression
Armenia 2161 0.04 28 0.01 12777 4282 9124 629 5484 Regression
Australia 18050 0.37 6424 2.16 355877 175570 264797 84490 181590 Original
Austria 7025 0.14 1495 0.50 212769 94128 145865 27224 69409 Original
Azerbaijan 6746 0.14 77 0.03 11460 1761 10512 813 4970 Regression
Bahamas 254 0.01 13 0.00 52603 34573 48727 30696 5639 Regression
Bahrain 1036 0.02 86 0.03 82600 49654 40899 7954 13894 Regression
Bangladesh 95899 1.96 495 0.17 5158 1000 4346 187 2079 Regression
Barbados 215 0.00 13 0.00 58720 25078 52473 18832 17043 Regression
Belarus 7448 0.15 90 0.03 12028 4566 8767 1304 5935 Regression
Belgium 8766 0.18 2337 0.78 266643 159783 138767 31908 163380 Original
Belize 210 0.00 2 0.00 10264 2561 9367 1664 2566 Regression
Benin 4969 0.10 7 0.00 1440 435 1124 119 482 Regression
Bolivia 6331 0.13 53 0.02 8404 2807 6744 1147 2211 Regression
BosniaandHerzegovina 2667 0.05 59 0.02 21971 3209 20466 1704 10332 Regression
Botswana 1191 0.02 14 0.00 11831 9165 5048 2383 2698 Regression
Brazil 142473 2.92 2510 0.84 17617 11018 10758 4159 3331 Regression
BritishCaribbean 532 0.01 22 0.01 40912 8299 38814 6200 11525 Regression
Brunei 282 0.01 11 0.00 37425 14007 28114 4696 5163 Regression
Bulgaria 5848 0.12 143 0.05 24424 12294 14680 2549 10948 Regression
BurkinaFaso 8021 0.16 8 0.00 1031 221 890 80 371 Regression
Burundi 4554 0.09 3 0.00 587 91 532 35 220 Regression
Cambodia 9165 0.19 35 0.01 3840 513 3705 377 1372 Regression
Cameroon 10930 0.22 25 0.01 2245 1042 1353 150 674 Regression
Canada 28315 0.58 6930 2.33 244732 153304 141262 49833 92354 Original
CentralAfricanRepublic 1950 0.04 1 0.00 390 180 257 47 95 Regression
Chad 5896 0.12 6 0.00 1043 431 683 71 321 Regression
Chile 13068 0.27 696 0.23 53270 31924 29462 8116 16134 Original
China 1069255 21.90 46535 15.62 43521 20466 26660 3605 15020 Original
Colombia 31949 0.65 408 0.14 12785 7214 8140 2569 3556 Regression
Comoros 389 0.01 2 0.00 4497 1027 3707 237 1200 Regression
CongoDemRep 33607 0.69 35 0.01 1040 238 838 35 289 Regression
CongoRep 2355 0.05 9 0.00 3789 1661 2349 221 979 Regression
CostaRica 3406 0.07 128 0.04 37484 14545 27160 4221 10613 Regression
Croatia 3370 0.07 156 0.05 46427 17534 34651 5758 22075 Regression
Cyprus 650 0.01 67 0.02 103840 76950 71496 44606 24995 Regression
Czechia 8550 0.18 404 0.14 47255 23160 31261 7166 14876 Original
Denmark 4426 0.09 1063 0.36 240282 198327 134797 92842 107489 Original
Djibouti 551 0.01 1 0.00 2210 985 1610 385 753 Regression
DutchCaribbean 244 0.01 12 0.00 49882 13210 45197 8525 18450 Regression
Ecuador 10082 0.21 173 0.06 17143 5960 12598 1415 4601 Regression
Egypt 53704 1.10 1035 0.35 19275 4214 15952 891 6304 Regression
ElSalvador 3889 0.08 91 0.03 23468 10737 14393 1662 6702 Regression
EquatorialGuinea 642 0.01 11 0.00 17197 16501 2365 1670 4222 Regression
Eritrea 1632 0.03 3 0.00 2001 340 1742 81 741 Regression
Estonia 1046 0.02 50 0.02 48166 24258 32905 8997 22417 Original
Ethiopia 47356 0.97 121 0.04 2547 244 2354 51 1073 Regression
Fiji 538 0.01 7 0.00 12712 2566 11564 1418 4868 Regression
Finland 4290 0.09 622 0.21 145080 72723 110461 38104 60728 Original
France 48916 1.00 11594 3.89 237014 106574 161936 31496 105870 Original
FrenchCaribbean 615 0.01 38 0.01 61336 24875 47054 10593 18721 Regression
Gabon 1077 0.02 13 0.00 12002 9796 3180 973 3987 Regression
Gambia 945 0.02 2 0.00 1997 612 1451 66 563 Regression
Georgia 3014 0.06 30 0.01 9827 3498 6981 652 2779 Regression
Germany 66901 1.37 12009 4.03 179507 86945 118953 26390 40750 Original
Ghana 14503 0.30 52 0.02 3618 1117 2746 246 1260 Regression
Greece 8559 0.18 879 0.29 102686 33515 85051 15880 58642 Original
Guinea 5043 0.10 9 0.00 1787 471 1399 83 553 Regression
GuineaBissau 823 0.02 1 0.00 1093 351 789 48 394 Regression
Guyana 462 0.01 5 0.00 11005 4660 7628 1283 3645 Regression
Haiti 5973 0.12 6 0.00 1055 529 652 126 222 Regression
HongKong 6061 0.12 2487 0.83 410266 277874 176779 44387 124521 Regression
Hungary 7852 0.16 258 0.09 32829 19027 17759 3957 13898 Original
Iceland 243 0.00 64 0.02 263489 162574 159895 58980 175316 Regression
India 822042 16.84 8948 3.00 10885 2542 9246 902 2277 Original
Indonesia 165928 3.40 1969 0.66 11869 3484 8807 423 2770 Regression
Iran 54525 1.12 644 0.22 11814 2181 10515 882 4191 Regression
Iraq 18085 0.37 217 0.07 11972 2252 10123 402 5408 Regression
Ireland 3373 0.07 685 0.23 202976 114734 139356 51113 76024 Original
Israel 5177 0.11 856 0.29 165384 139094 54268 27978 57187 Original
Italy 49503 1.01 10506 3.53 212231 90889 141036 19694 103406 Original
Jamaica 1919 0.04 38 0.01 19560 7879 13694 2013 4998 Regression
Japan 105355 2.16 21519 7.22 204256 139969 88136 23849 101463 Original
Jordan 5100 0.10 120 0.04 23562 13720 12276 2434 9303 Regression
Kazakhstan 11821 0.24 300 0.10 25346 5832 21196 1682 6211 Regression
Kenya 23146 0.47 147 0.05 6355 1322 5449 416 1841 Regression
Korea 40816 0.84 6128 2.06 150135 66524 113360 29748 51744 Original
Kuwait 2850 0.06 340 0.11 119316 99579 31688 11950 25714 Regression
Kyrgyzstan 3594 0.07 15 0.01 4310 648 3841 179 1712 Regression
Laos 3811 0.08 22 0.01 5727 1244 4863 380 1312 Regression
Latvia 1600 0.03 69 0.02 43403 14316 33518 4431 19340 Original
Lebanon 4217 0.09 200 0.07 47422 10171 41009 3758 14117 Regression
Lesotho 1163 0.02 2 0.00 1419 685 965 230 295 Regression
Liberia 2151 0.04 8 0.00 3553 1007 2644 98 1134 Regression
Libya 4050 0.08 49 0.02 12140 8072 5061 993 4413 Regression
Lithuania 2323 0.05 89 0.03 38508 15860 27873 5225 16851 Original
Luxembourg 445 0.01 184 0.06 413744 217604 274249 78108 212467 Original
Madagascar 11639 0.24 16 0.01 1357 194 1215 52 447 Regression
Malawi 7457 0.15 9 0.00 1228 55 1221 49 352 Regression
Malaysia 20074 0.41 485 0.16 24157 7803 22473 6118 7018 Regression
Maldives 334 0.01 6 0.00 17834 654 18122 941 6241 Regression
Mali 7350 0.15 11 0.00 1454 507 1081 135 506 Regression
Malta 349 0.01 41 0.01 116048 74045 61299 19296 62405 Regression
Mauritania 2023 0.04 4 0.00 1994 556 1609 171 721 Regression
Mauritius 925 0.02 42 0.01 45262 26866 23120 4725 19324 Regression
Melanesia 627 0.01 16 0.01 25803 5715 23339 3251 10530 Regression
Mexico 77866 1.59 2679 0.90 34402 15036 20391 1025 10513 Original
Micronesia 315 0.01 3 0.00 10303 2380 8933 1010 3976 Regression
Moldova 3189 0.07 24 0.01 7556 2004 5905 352 3474 Regression
Mongolia 1918 0.04 12 0.00 6383 821 6795 1233 2654 Regression
Montenegro 470 0.01 19 0.01 40067 18795 24584 3312 19282 Regression
Morocco 22624 0.46 242 0.08 10690 2880 8929 1119 3115 Regression
Mozambique 11998 0.25 9 0.00 778 240 660 122 259 Regression
Myanmar 33306 0.68 106 0.04 3170 1716 1497 43 1588 Regression
Namibia 1225 0.03 20 0.01 15921 13889 5725 3692 3698 Regression
Nepal 14894 0.31 45 0.01 2994 328 2969 302 1100 Regression
Netherlands 13124 0.27 3256 1.09 248125 190436 124290 66600 87822 Original
NewZealand 3398 0.07 943 0.32 277444 179321 135103 36981 134663 Original
Nicaragua 3710 0.08 37 0.01 9915 1457 9104 646 2592 Regression
Niger 8006 0.16 6 0.00 812 121 726 35 301 Regression
Nigeria 83643 1.71 465 0.16 5555 3992 2001 438 1052 Regression
Norway 3964 0.08 915 0.31 230725 116018 203935 89228 102731 Original
Oman 3182 0.07 134 0.05 42227 20735 25560 4068 11073 Regression
Pakistan 108166 2.22 528 0.18 4883 1409 3584 111 2091 Regression
Panama 2548 0.05 86 0.03 33670 11731 27106 5167 8537 Regression
PapuaNewGuinea 4335 0.09 23 0.01 5341 1406 4191 255 1490 Regression
Paraguay 4009 0.08 44 0.01 10880 3243 9273 1635 2818 Regression
Peru 19517 0.40 277 0.09 14202 6464 9742 2004 4249 Regression
Philippines 59601 1.22 601 0.20 10080 4014 6944 878 1998 Regression
Poland 30423 0.62 1384 0.46 45500 14596 36485 5581 19177 Regression
Polynesia 401 0.01 12 0.00 30844 5742 28483 3381 11929 Regression
Portugal 8355 0.17 904 0.30 108253 50209 80127 22083 43411 Regression
Qatar 2153 0.04 265 0.09 123192 90609 46663 14080 71801 Regression
Romania 15729 0.32 480 0.16 30488 8003 24719 2234 14420 Regression
Russia 113831 2.33 1793 0.60 15749 6105 11323 1679 2637 Original
Rwanda 5642 0.12 19 0.01 3393 327 3196 130 993 Regression
SaoTomeandPrincipe 93 0.00 0 0.00 2462 1519 1380 437 1025 Regression
SaudiArabia 21540 0.44 1289 0.43 59831 34132 30290 4591 12823 Regression
Senegal 6800 0.14 18 0.01 2711 512 2371 172 880 Regression
Serbia 5520 0.11 101 0.03 18339 5210 14295 1166 8110 Regression
Seychelles 67 0.00 3 0.00 41172 21370 24260 4457 15766 Regression
SierraLeone 3437 0.07 3 0.00 885 434 477 27 319 Regression
Singapore 4557 0.09 1075 0.36 235890 153328 129349 46786 74854 Original
Slovakia 4324 0.09 202 0.07 46641 15374 38853 7586 30270 Original
Slovenia 1674 0.03 139 0.05 82975 25770 65287 8082 43711 Original
SouthAfrica 34627 0.71 598 0.20 17257 13577 7162 3481 3162 Original
Spain 37508 0.77 6177 2.07 164681 58744 128584 22647 75932 Original
SriLanka 14201 0.29 273 0.09 19210 3175 16664 629 7326 Regression
Sudan 18795 0.38 70 0.02 3708 1511 2454 257 1359 Regression
Suriname 356 0.01 3 0.00 8804 3544 6369 1110 1776 Regression
Sweden 7599 0.16 1783 0.60 234678 182970 108314 56605 66454 Original
Switzerland 6670 0.14 3428 1.15 513945 355771 281739 123565 101140 Original
Syria 10148 0.21 39 0.01 3832 473 3430 72 1455 Regression
Taiwan 18917 0.39 3514 1.18 185748 136592 73142 23986 72995 Regression
Tajikistan 4629 0.09 21 0.01 4435 672 3930 167 1919 Regression
Tanzania 23530 0.48 57 0.02 2437 253 2314 129 930 Regression
Thailand 51795 1.06 996 0.33 19223 7679 15798 4254 6445 Regression
TimorLeste 596 0.01 2 0.00 3686 656 3152 122 2079 Regression
Togo 3530 0.07 4 0.00 1099 298 922 121 336 Regression
TrinidadandTobago 1004 0.02 39 0.01 38679 18549 25827 5698 11768 Regression
Tunisia 7737 0.16 127 0.04 16378 5178 12432 1231 5592 Regression
Turkey 52307 1.07 1777 0.60 33982 6457 30333 2808 9899 Regression
Turkmenistan 3431 0.07 44 0.01 12965 2464 10715 214 5915 Regression
Uganda 15928 0.33 23 0.01 1461 138 1430 107 459 Regression
Ukraine 35834 0.73 157 0.05 4385 1552 3274 441 810 Regression
UnitedArabEmirates 7628 0.16 806 0.27 105661 65393 51682 11414 18434 Regression
UnitedKingdom 50886 1.04 14041 4.71 275933 175236 152170 51473 114037 Original
UnitedStates 239084 4.90 87987 29.53 368017 307012 118090 57085 55774 Original
Uruguay 2444 0.05 137 0.05 56148 20621 37557 2029 17522 Regression
Venezuela 18835 0.39 978 0.33 51918 31367 21276 725 15555 Regression
Vietnam 64898 1.33 570 0.19 8785 1554 7978 747 3050 Regression
Yemen 12965 0.27 57 0.02 4396 1111 3371 86 1011 Regression
Zambia 6898 0.14 16 0.01 2338 939 1606 207 509 Regression
Zimbabwe 6476 0.13 24 0.01 3763 1130 2877 244 1206 Regression
