Afghanistan 15827 0.32 26 0.01 1636 328 1323 14 704 Regression
Albania 2133 0.04 47 0.02 22227 3300 19891 964 10955 Regression
Algeria 26027 0.53 207 0.07 7949 3605 4970 626 2032 Regression
Angola 12462 0.25 87 0.03 6984 3855 3859 731 2207 Regression
Argentina 29299 0.59 439 0.14 14997 7881 8708 1593 4150 Regression
Armenia 2169 0.04 29 0.01 13257 4894 9000 637 5567 Regression
Australia 18295 0.37 6969 2.23 380957 187510 280719 87272 187495 Original
Austria 7083 0.14 1553 0.50 219310 93152 153060 26901 70095 Original
Azerbaijan 6837 0.14 56 0.02 8234 1263 7491 520 3550 Regression
Bahamas 259 0.01 13 0.00 50981 36825 42670 28514 5273 Regression
Bahrain 1090 0.02 90 0.03 82958 50471 40567 8080 13689 Regression
Bangladesh 97920 1.98 512 0.16 5224 1030 4396 202 2093 Regression
Barbados 216 0.00 11 0.00 52351 21579 50265 19493 14902 Regression
Belarus 7447 0.15 79 0.03 10664 3884 7831 1051 5460 Regression
Belgium 8819 0.18 2364 0.76 268010 158648 141189 31828 172710 Original
Belize 217 0.00 2 0.00 10408 2972 9199 1763 2547 Regression
Benin 5131 0.10 9 0.00 1686 506 1312 132 578 Regression
Bolivia 6478 0.13 57 0.02 8864 3388 6703 1227 2261 Regression
BosniaandHerzegovina 2655 0.05 62 0.02 23409 3381 21803 1775 11448 Regression
Botswana 1221 0.02 16 0.01 13135 9858 5533 2255 3048 Regression
Brazil 144692 2.92 3050 0.98 21082 14341 11786 5045 3984 Regression
BritishCaribbean 539 0.01 22 0.01 41618 8794 39308 6484 11487 Regression
Brunei 287 0.01 10 0.00 35046 13027 26405 4386 4799 Regression
Bulgaria 5805 0.12 157 0.05 26999 13511 16125 2636 12613 Regression
BurkinaFaso 8291 0.17 9 0.00 1072 214 941 83 392 Regression
Burundi 4712 0.10 3 0.00 553 93 495 36 211 Regression
Cambodia 9391 0.19 38 0.01 4043 606 3877 441 1434 Regression
Cameroon 11264 0.23 27 0.01 2428 1087 1489 148 740 Regression
Canada 28666 0.58 7721 2.47 269356 168239 154558 53441 101984 Original
CentralAfricanRepublic 1979 0.04 1 0.00 504 223 336 55 126 Regression
Chad 6110 0.12 6 0.00 980 392 657 69 307 Regression
Chile 13335 0.27 727 0.23 54511 32282 30650 8421 16582 Original
China 1077268 21.75 52118 16.67 48380 21668 30776 4064 16379 Regression
Colombia 32697 0.66 453 0.14 13865 8601 8259 2995 3854 Regression
Comoros 400 0.01 2 0.00 4644 1002 3885 243 1262 Regression
CongoDemRep 34721 0.70 37 0.01 1076 301 819 44 304 Regression
CongoRep 2418 0.05 11 0.00 4743 1879 3077 213 1247 Regression
CostaRica 3467 0.07 114 0.04 32777 12036 25236 4495 9006 Regression
Croatia 3361 0.07 177 0.06 52646 18518 39646 5518 26044 Regression
Cyprus 654 0.01 72 0.02 110358 76559 77174 43376 34870 Regression
Czechia 8555 0.17 446 0.14 52118 27050 32748 7680 16158 Original
Denmark 4459 0.09 1098 0.35 246167 201211 133682 88725 111790 Original
Djibouti 564 0.01 1 0.00 2352 1133 1609 390 814 Regression
DutchCaribbean 247 0.00 11 0.00 44355 13305 39471 8421 16163 Regression
Ecuador 10334 0.21 164 0.05 15903 5630 11708 1435 4139 Regression
Egypt 54783 1.11 1081 0.35 19741 6038 14552 849 6232 Regression
ElSalvador 3957 0.08 98 0.03 24831 13017 13513 1699 6880 Regression
EquatorialGuinea 666 0.01 12 0.00 17372 16587 2640 1854 4345 Regression
Eritrea 1650 0.03 4 0.00 2416 421 2101 107 909 Regression
Estonia 1047 0.02 53 0.02 50945 26271 34173 9498 24756 Original
Ethiopia 49185 0.99 125 0.04 2540 289 2311 60 1086 Regression
Fiji 542 0.01 7 0.00 13629 2794 12404 1568 5203 Regression
Finland 4310 0.09 637 0.20 147720 75402 111886 39568 50387 Original
France 49147 0.99 11729 3.75 238646 108676 161013 31043 106738 Original
FrenchCaribbean 618 0.01 36 0.01 58533 25084 44635 11186 17530 Regression
Gabon 1107 0.02 14 0.00 12633 10120 3498 985 4262 Regression
Gambia 977 0.02 2 0.00 1934 677 1326 69 555 Regression
Georgia 3004 0.06 30 0.01 10121 3609 7216 703 2820 Regression
Germany 67185 1.36 12160 3.89 180988 87565 119626 26203 41408 Original
Ghana 14906 0.30 68 0.02 4531 1669 3131 270 1602 Regression
Greece 8543 0.17 846 0.27 99044 32793 81292 15042 56583 Original
Guinea 5229 0.11 9 0.00 1702 499 1276 74 535 Regression
GuineaBissau 847 0.02 1 0.00 1303 427 927 51 477 Regression
Guyana 469 0.01 5 0.00 9610 4383 6324 1097 3125 Regression
Haiti 6102 0.12 6 0.00 946 522 530 106 193 Regression
HongKong 6123 0.12 2640 0.84 431118 311377 165735 45994 129380 Regression
Hungary 7846 0.16 286 0.09 36442 20222 20121 3901 16004 Original
Iceland 245 0.00 78 0.03 319459 191404 193258 65203 217603 Regression
India 838070 16.92 9886 3.16 11796 2688 10079 972 2447 Original
Indonesia 168753 3.41 2251 0.72 13339 4013 9789 463 3187 Regression
Iran 55298 1.12 730 0.23 13196 2468 11752 1024 4649 Regression
Iraq 18713 0.38 236 0.08 12600 2270 10735 405 5659 Regression
Ireland 3413 0.07 694 0.22 203246 113236 137778 47769 81251 Original
Israel 5259 0.11 879 0.28 167106 139786 56761 29441 57151 Original
Italy 49607 1.00 10141 3.24 204424 88934 134713 19223 99256 Original
Jamaica 1945 0.04 33 0.01 16982 6931 12016 1965 4206 Regression
Japan 105308 2.13 22364 7.15 212367 145167 92205 25004 104415 Original
Jordan 5293 0.11 125 0.04 23550 14652 11509 2611 9241 Regression
Kazakhstan 11930 0.24 218 0.07 18241 4961 14357 1078 3778 Regression
Kenya 23955 0.48 178 0.06 7435 2210 5657 433 2191 Regression
Korea 41220 0.83 6233 1.99 151223 68061 114611 31450 50885 Original
Kuwait 2932 0.06 359 0.11 122447 99271 35701 12525 26557 Regression
Kyrgyzstan 3662 0.07 16 0.01 4301 818 3636 153 1698 Regression
Laos 3910 0.08 22 0.01 5604 1320 4674 391 1271 Regression
Latvia 1580 0.03 75 0.02 47583 15575 36402 4394 22287 Original
Lebanon 4344 0.09 204 0.07 47054 11319 39624 3888 15468 Regression
Lesotho 1178 0.02 2 0.00 1330 594 947 211 287 Regression
Liberia 2215 0.04 8 0.00 3448 1042 2505 99 1118 Regression
Libya 4120 0.08 49 0.02 11857 7163 5692 999 4428 Regression
Lithuania 2298 0.05 98 0.03 42812 17119 31057 5364 19564 Original
Luxembourg 456 0.01 193 0.06 422656 219037 287507 83888 225792 Original
Madagascar 12047 0.24 16 0.01 1357 196 1212 51 451 Regression
Malawi 7725 0.16 8 0.00 972 61 948 37 284 Regression
Malaysia 20524 0.41 504 0.16 24540 8061 22546 6067 6912 Regression
Maldives 353 0.01 7 0.00 18887 703 19197 1013 6586 Regression
Mali 7578 0.15 12 0.00 1583 542 1188 148 560 Regression
Malta 352 0.01 43 0.01 122172 76476 65610 19914 68182 Regression
Mauritania 2089 0.04 4 0.00 1910 578 1501 169 701 Regression
Mauritius 934 0.02 45 0.01 47723 28351 24032 4660 20665 Regression
Melanesia 644 0.01 17 0.01 25839 6144 22949 3254 10514 Regression
Mexico 79329 1.60 2546 0.81 32100 13637 19411 949 9660 Original
Micronesia 320 0.01 3 0.00 10627 2638 9071 1082 4088 Regression
Moldova 3196 0.06 27 0.01 8313 2051 6598 337 3979 Regression
Mongolia 1948 0.04 10 0.00 5020 713 5598 1292 2074 Regression
Montenegro 472 0.01 20 0.01 42594 18840 27305 3551 21364 Regression
Morocco 23031 0.46 258 0.08 11217 3191 9167 1141 3095 Regression
Mozambique 12387 0.25 7 0.00 575 215 450 90 195 Regression
Myanmar 33789 0.68 114 0.04 3373 1889 1541 57 1681 Regression
Namibia 1255 0.03 20 0.01 16210 14186 5548 3525 3835 Regression
Nepal 15395 0.31 42 0.01 2697 293 2768 363 984 Regression
Netherlands 13191 0.27 3415 1.09 258862 196298 127190 64626 91592 Original
NewZealand 3443 0.07 1056 0.34 306744 192205 153975 39436 150429 Original
Nicaragua 3792 0.08 37 0.01 9686 1667 8734 715 2455 Regression
Niger 8314 0.17 7 0.00 869 123 782 37 328 Regression
Nigeria 85872 1.73 296 0.09 3449 2582 1167 300 730 Regression
Norway 4011 0.08 1036 0.33 258262 124142 229409 95289 115231 Original
Oman 3334 0.07 133 0.04 39921 19806 24344 4229 10376 Regression
Pakistan 111190 2.24 532 0.17 4788 1649 3259 120 2038 Regression
Panama 2605 0.05 90 0.03 34645 13563 26681 5599 8513 Regression
PapuaNewGuinea 4450 0.09 24 0.01 5312 1521 4039 248 1469 Regression
Paraguay 4102 0.08 43 0.01 10431 3154 8789 1513 2588 Regression
Peru 20178 0.41 294 0.09 14553 6967 9531 1945 4040 Regression
Philippines 61026 1.23 629 0.20 10306 4509 6731 935 1901 Regression
Poland 30460 0.61 1421 0.45 46648 14828 37287 5467 16622 Regression
Polynesia 405 0.01 13 0.00 31294 6214 28565 3485 12065 Regression
Portugal 8346 0.17 953 0.30 114137 50720 85247 21830 46497 Regression
Qatar 2212 0.04 300 0.10 135586 99901 51050 15365 78806 Regression
Romania 15644 0.32 540 0.17 34493 8685 28317 2510 16475 Regression
Russia 113529 2.29 2085 0.67 18369 7973 12440 2044 2935 Original
Rwanda 5822 0.12 18 0.01 3056 330 2849 123 910 Regression
SaoTomeandPrincipe 95 0.00 0 0.00 2570 1548 1485 463 1085 Regression
SaudiArabia 22157 0.45 1394 0.45 62893 36608 30951 4665 13330 Regression
Senegal 7018 0.14 20 0.01 2904 533 2552 181 956 Regression
Serbia 5512 0.11 109 0.03 19772 5355 15625 1208 9120 Regression
Seychelles 67 0.00 3 0.00 45094 25662 24557 5125 17522 Regression
SierraLeone 3531 0.07 3 0.00 784 407 401 25 287 Regression
Singapore 4639 0.09 1115 0.36 240425 157987 128505 46067 73912 Original
Slovakia 4336 0.09 219 0.07 50474 16792 42053 8371 33602 Original
Slovenia 1675 0.03 147 0.05 87942 26919 69372 8349 47996 Original
SouthAfrica 35254 0.71 712 0.23 20204 15839 8381 4015 3631 Original
Spain 37554 0.76 6229 1.99 165872 57836 129677 21641 75930 Original
SriLanka 14314 0.29 285 0.09 19933 3758 16886 711 7553 Regression
Sudan 19375 0.39 97 0.03 4999 1724 3551 276 1859 Regression
Suriname 361 0.01 2 0.00 4640 1805 3392 557 915 Regression
Sweden 7649 0.15 1807 0.58 236183 181850 110610 56277 64250 Original
Switzerland 6735 0.14 3447 1.10 511775 357320 277551 123096 102561 Original
Syria 10031 0.20 17 0.01 1688 231 1491 34 637 Regression
Taiwan 19072 0.39 3571 1.14 187223 140208 71250 24235 71753 Regression
Tajikistan 4752 0.10 17 0.01 3543 564 3094 116 1532 Regression
Tanzania 24314 0.49 62 0.02 2570 303 2389 123 996 Regression
Thailand 52290 1.06 985 0.32 18841 8038 15190 4387 4809 Regression
TimorLeste 614 0.01 2 0.00 3866 747 3250 130 2176 Regression
Togo 3633 0.07 4 0.00 1057 279 905 126 329 Regression
TrinidadandTobago 1010 0.02 36 0.01 35813 18560 23173 5921 10578 Regression
Tunisia 7829 0.16 125 0.04 15997 5435 11803 1241 5549 Regression
Turkey 53462 1.08 1771 0.57 33134 6048 29590 2503 9711 Regression
Turkmenistan 3487 0.07 46 0.01 13193 2398 11018 223 5985 Regression
Uganda 16647 0.34 23 0.01 1402 156 1341 95 448 Regression
Ukraine 35637 0.72 177 0.06 4961 1424 3917 380 880 Regression
UnitedArabEmirates 7672 0.15 848 0.27 110561 69748 52730 11918 19131 Regression
UnitedKingdom 51256 1.03 12649 4.04 246788 157920 133272 44404 104145 Original
UnitedStates 241437 4.87 93124 29.78 385708 319148 124718 58159 57445 Original
Uruguay 2461 0.05 138 0.04 56042 21001 36992 1952 16988 Regression
Venezuela 18733 0.38 731 0.23 39045 26290 13234 479 11357 Regression
Vietnam 65796 1.33 596 0.19 9052 1855 8050 853 2763 Regression
Yemen 13426 0.27 53 0.02 3967 1092 2953 77 903 Regression
Zambia 7158 0.14 23 0.01 3282 1741 1710 168 728 Regression
Zimbabwe 6583 0.13 25 0.01 3773 1369 2675 271 1228 Regression
