Afghanistan 16435 0.33 30 0.01 1801 349 1467 14 729 Regression
Albania 2149 0.04 55 0.02 25817 3755 23116 1053 12898 Regression
Algeria 26456 0.53 246 0.07 9282 4208 5807 733 2612 Regression
Angola 12903 0.26 128 0.04 9933 4828 6019 914 3419 Regression
Argentina 29677 0.59 508 0.14 17133 8423 10671 1961 3610 Regression
Armenia 2173 0.04 38 0.01 17705 7053 11474 822 7101 Regression
Australia 18520 0.37 8006 2.23 432269 212578 318313 98622 210506 Original
Austria 7139 0.14 1818 0.51 254701 108567 177128 30993 79300 Original
Azerbaijan 6927 0.14 76 0.02 10984 1275 10189 480 4451 Regression
Bahamas 264 0.01 17 0.00 63136 44414 49107 30385 6889 Regression
Bahrain 1154 0.02 102 0.03 88243 52364 43898 8019 13363 Regression
Bangladesh 99962 1.99 626 0.17 6258 1370 5118 230 2348 Regression
Barbados 217 0.00 13 0.00 60093 25471 56129 21506 17670 Regression
Belarus 7439 0.15 111 0.03 14917 4663 11632 1378 7740 Regression
Belgium 8868 0.18 2710 0.76 305607 182296 160966 37654 191221 Original
Belize 224 0.00 2 0.00 10671 3058 9345 1732 2705 Regression
Benin 5299 0.11 10 0.00 1972 579 1532 139 734 Regression
Bolivia 6629 0.13 72 0.02 10874 4244 8060 1429 2916 Regression
BosniaandHerzegovina 2648 0.05 70 0.02 26507 3783 24675 1951 13141 Regression
Botswana 1253 0.02 20 0.01 16316 11827 7135 2646 4184 Regression
Brazil 146930 2.92 3760 1.05 25590 15286 15424 5120 5299 Regression
BritishCaribbean 547 0.01 25 0.01 46498 10047 42973 6522 13276 Regression
Brunei 293 0.01 12 0.00 40189 13381 31234 4426 4934 Regression
Bulgaria 5751 0.11 178 0.05 30971 14964 18935 2928 14675 Regression
BurkinaFaso 8571 0.17 11 0.00 1261 234 1119 92 499 Regression
Burundi 4873 0.10 3 0.00 638 107 568 36 263 Regression
Cambodia 9601 0.19 44 0.01 4578 720 4372 514 1509 Regression
Cameroon 11608 0.23 32 0.01 2795 1236 1720 161 931 Regression
Canada 28996 0.58 8697 2.43 299937 189451 169764 59278 113727 Original
CentralAfricanRepublic 2016 0.04 1 0.00 679 295 440 57 186 Regression
Chad 6333 0.13 7 0.00 1105 423 748 66 377 Regression
Chile 13611 0.27 819 0.23 60176 35410 34207 9441 19141 Original
China 1084961 21.60 62573 17.46 57673 26181 36650 5158 19964 Regression
Colombia 33489 0.67 564 0.16 16854 9798 10300 3245 4835 Regression
Comoros 412 0.01 2 0.00 5041 1071 4228 259 1481 Regression
CongoDemRep 35894 0.71 39 0.01 1080 314 801 35 334 Regression
CongoRep 2486 0.05 6 0.00 2274 640 1805 171 657 Regression
CostaRica 3528 0.07 124 0.03 35137 13740 26105 4707 10133 Regression
Croatia 3348 0.07 197 0.05 58810 19667 44909 5766 29500 Regression
Cyprus 659 0.01 82 0.02 125122 78806 88950 42634 39448 Regression
Czechia 8549 0.17 486 0.14 56856 29858 35529 8530 18123 Original
Denmark 4486 0.09 1476 0.41 329132 266881 154929 92678 118549 Original
Djibouti 577 0.01 2 0.00 2693 1357 1784 447 995 Regression
DutchCaribbean 250 0.00 12 0.00 49782 14763 43913 8894 18609 Regression
Ecuador 10599 0.21 192 0.05 18145 6689 13066 1610 4962 Regression
Egypt 55979 1.11 784 0.22 14014 5337 9388 711 4475 Regression
ElSalvador 4024 0.08 117 0.03 29041 16259 14550 1768 8453 Regression
EquatorialGuinea 691 0.01 13 0.00 18403 17005 3361 1963 4994 Regression
Eritrea 1664 0.03 3 0.00 2083 506 1669 91 848 Regression
Estonia 1048 0.02 61 0.02 57999 29866 38480 10348 28702 Original
Ethiopia 51099 1.02 149 0.04 2918 390 2584 57 1346 Regression
Fiji 547 0.01 9 0.00 15722 3288 14687 2253 5583 Regression
Finland 4327 0.09 681 0.19 157327 80139 119161 41973 66171 Original
France 49363 0.98 13845 3.86 280482 128856 188520 36894 125889 Original
FrenchCaribbean 621 0.01 41 0.01 65812 28061 48901 11150 20332 Regression
Gabon 1136 0.02 16 0.00 14100 10942 4103 945 5155 Regression
Gambia 1010 0.02 2 0.00 2116 791 1384 59 603 Regression
Georgia 2995 0.06 37 0.01 12497 5363 7903 769 3753 Regression
Germany 67478 1.34 14756 4.12 218671 104165 145210 30703 52875 Original
Ghana 15324 0.31 78 0.02 5095 1827 3557 290 1951 Regression
Greece 8523 0.17 865 0.24 101442 35517 80731 14806 57973 Original
Guinea 5428 0.11 11 0.00 1999 495 1583 78 685 Regression
GuineaBissau 871 0.02 1 0.00 1579 525 1137 83 616 Regression
Guyana 477 0.01 5 0.00 10919 5209 6957 1247 3662 Regression
Haiti 6231 0.12 6 0.00 979 525 567 112 210 Regression
HongKong 6176 0.12 3019 0.84 488878 344109 196150 51381 158488 Regression
Hungary 7830 0.16 327 0.09 41762 22327 23454 4018 18620 Original
Iceland 247 0.00 106 0.03 426644 261303 241513 76172 291827 Regression
India 853671 16.99 11769 3.28 13786 3128 11843 1185 2904 Original
Indonesia 171763 3.42 2569 0.72 14954 4960 10488 494 3721 Regression
Iran 56003 1.11 817 0.23 14585 2970 12800 1184 4786 Regression
Iraq 19339 0.38 288 0.08 14886 2410 12900 424 6259 Regression
Ireland 3463 0.07 846 0.24 244346 130687 166112 52453 91611 Original
Israel 5348 0.11 1076 0.30 201278 169111 65749 33582 70586 Original
Italy 49664 0.99 11671 3.26 234990 105181 152007 22198 117085 Original
Jamaica 1972 0.04 39 0.01 20005 8517 13647 2159 5208 Regression
Japan 105264 2.10 23854 6.65 226610 156063 96917 26371 111878 Original
Jordan 5463 0.11 143 0.04 26114 16231 12361 2478 9604 Regression
Kazakhstan 12016 0.24 356 0.10 29623 7496 23375 1248 7141 Regression
Kenya 24795 0.49 224 0.06 9022 2542 6971 491 2907 Regression
Korea 41599 0.83 7719 2.15 185549 82290 141118 37858 64362 Original
Kuwait 2999 0.06 413 0.12 137639 109053 41930 13344 29939 Regression
Kyrgyzstan 3733 0.07 21 0.01 5605 1189 4600 185 2070 Regression
Laos 4006 0.08 25 0.01 6258 1576 5084 401 1292 Regression
Latvia 1554 0.03 86 0.02 55182 17369 42471 4658 26295 Original
Lebanon 4433 0.09 241 0.07 54447 13338 45455 4346 16737 Regression
Lesotho 1194 0.02 2 0.00 1416 762 905 251 333 Regression
Liberia 2282 0.05 8 0.00 3665 1223 2538 96 1292 Regression
Libya 4198 0.08 61 0.02 14618 6584 8898 864 5902 Regression
Lithuania 2268 0.05 112 0.03 49272 19716 35615 6059 22847 Original
Luxembourg 468 0.01 208 0.06 445101 229985 304536 89419 240748 Original
Madagascar 12470 0.25 22 0.01 1746 238 1570 63 635 Regression
Malawi 7998 0.16 10 0.00 1276 74 1244 41 407 Regression
Malaysia 20982 0.42 591 0.16 28174 9202 25852 6881 8134 Regression
Maldives 372 0.01 8 0.00 21318 794 21816 1291 6872 Regression
Mali 7818 0.16 14 0.00 1850 619 1390 159 709 Regression
Malta 354 0.01 47 0.01 133141 79678 75057 21593 75050 Regression
Mauritania 2157 0.04 5 0.00 2341 710 1826 194 930 Regression
Mauritius 942 0.02 55 0.02 58602 34994 28541 4933 26895 Regression
Melanesia 660 0.01 22 0.01 33284 8840 27754 3310 12626 Regression
Mexico 80792 1.61 3024 0.84 37434 15471 23031 1068 11484 Original
Micronesia 326 0.01 5 0.00 13941 3844 11208 1110 4984 Regression
Moldova 3198 0.06 36 0.01 11312 2567 9142 397 5491 Regression
Mongolia 1977 0.04 11 0.00 5353 828 5722 1197 2075 Regression
Montenegro 473 0.01 24 0.01 50780 23166 31625 4011 25740 Regression
Morocco 23445 0.47 300 0.08 12784 3615 10365 1196 3763 Regression
Mozambique 12802 0.25 10 0.00 802 205 679 82 295 Regression
Myanmar 34257 0.68 139 0.04 4067 2066 2070 69 1916 Regression
Namibia 1285 0.03 25 0.01 19808 16268 7638 4099 5182 Regression
Nepal 15978 0.32 55 0.02 3422 347 3473 398 1161 Regression
Netherlands 13259 0.26 4034 1.13 304222 221819 156470 74067 110877 Original
NewZealand 3485 0.07 1172 0.33 336190 215503 163067 42380 164267 Original
Nicaragua 3872 0.08 42 0.01 10812 1970 9619 777 2880 Regression
Niger 8642 0.17 9 0.00 1016 142 914 40 414 Regression
Nigeria 88225 1.76 452 0.13 5122 3847 1620 345 1111 Regression
Norway 4055 0.08 1183 0.33 291633 136748 259835 104950 126347 Original
Oman 3468 0.07 151 0.04 43514 20302 27798 4586 10355 Regression
Pakistan 114246 2.27 691 0.19 6052 2249 3941 138 2420 Regression
Panama 2664 0.05 103 0.03 38777 15757 29253 6233 10020 Regression
PapuaNewGuinea 4568 0.09 30 0.01 6614 2166 4690 242 1678 Regression
Paraguay 4193 0.08 52 0.01 12449 3685 10442 1679 3286 Regression
Peru 20835 0.41 365 0.10 17535 8213 11458 2136 4844 Regression
Philippines 62511 1.24 704 0.20 11257 5183 7115 1041 2304 Regression
Poland 30449 0.61 1804 0.50 59233 18897 47033 6697 23723 Regression
Polynesia 409 0.01 16 0.00 39674 8744 34586 3657 14218 Regression
Portugal 8342 0.17 1063 0.30 127405 54306 95652 22553 54087 Regression
Qatar 2263 0.05 336 0.09 148630 101952 63347 16669 83100 Regression
Romania 15533 0.31 649 0.18 41776 9380 35100 2704 20073 Regression
Russia 113159 2.25 3036 0.85 26827 9203 19953 2329 5389 Original
Rwanda 6004 0.12 21 0.01 3536 377 3292 133 1151 Regression
SaoTomeandPrincipe 97 0.00 0 0.00 3252 1994 1739 481 1458 Regression
SaudiArabia 22729 0.45 1565 0.44 68869 39096 34404 4631 15469 Regression
Senegal 7247 0.14 28 0.01 3850 715 3359 224 1377 Regression
Serbia 5508 0.11 136 0.04 24621 6956 19062 1396 11522 Regression
Seychelles 68 0.00 4 0.00 54583 32768 28356 6541 22534 Regression
SierraLeone 3628 0.07 3 0.00 827 431 422 26 328 Regression
Singapore 4710 0.09 1291 0.36 274013 183305 142093 51384 86489 Original
Slovakia 4342 0.09 239 0.07 55105 18061 46471 9427 36973 Original
Slovenia 1675 0.03 161 0.04 96132 28696 76437 9000 53657 Original
SouthAfrica 35857 0.71 880 0.25 24543 19421 9733 4611 5135 Original
Spain 37611 0.75 7555 2.11 200862 67214 158186 24537 93070 Original
SriLanka 14418 0.29 332 0.09 23052 4355 19453 756 8170 Regression
Sudan 19979 0.40 102 0.03 5100 2659 2841 400 2054 Regression
Suriname 367 0.01 2 0.00 5339 2133 3850 644 1094 Regression
Sweden 7688 0.15 2135 0.60 277766 211917 131782 65933 77887 Original
Switzerland 6795 0.14 3814 1.06 561310 386373 305342 130404 112654 Original
Syria 10006 0.20 21 0.01 2050 333 1753 36 717 Regression
Taiwan 19235 0.38 4003 1.12 208098 159079 75679 26659 80608 Regression
Tajikistan 4877 0.10 18 0.01 3712 545 3269 102 1500 Regression
Tanzania 25117 0.50 73 0.02 2894 354 2669 129 1212 Regression
Thailand 52767 1.05 1175 0.33 22268 9203 18033 4968 6000 Regression
TimorLeste 632 0.01 3 0.00 4684 732 4108 155 2497 Regression
Togo 3738 0.07 4 0.00 1125 296 955 126 382 Regression
TrinidadandTobago 1016 0.02 41 0.01 39915 19961 26233 6279 12365 Regression
Tunisia 7928 0.16 130 0.04 16348 5862 11774 1287 6156 Regression
Turkey 54644 1.09 1824 0.51 33382 6265 29743 2626 9431 Regression
Turkmenistan 3547 0.07 46 0.01 13088 2430 10970 313 5595 Regression
Uganda 17416 0.35 27 0.01 1543 185 1458 100 537 Regression
Ukraine 35407 0.70 278 0.08 7841 2530 5731 420 1422 Regression
UnitedArabEmirates 7761 0.15 974 0.27 125444 77619 59767 11942 21910 Regression
UnitedKingdom 51618 1.03 14566 4.06 282198 177470 154984 50256 121878 Original
UnitedStates 243640 4.85 101849 28.41 418033 345964 131830 59761 62009 Original
Uruguay 2479 0.05 162 0.05 65379 24961 42549 2131 20770 Regression
Venezuela 18526 0.37 782 0.22 42213 27636 15101 524 12877 Regression
Vietnam 66566 1.32 713 0.20 10718 2368 9352 1003 3032 Regression
Yemen 13885 0.28 69 0.02 4969 1573 3469 73 1029 Regression
Zambia 7432 0.15 25 0.01 3299 2007 1468 176 812 Regression
Zimbabwe 6698 0.13 30 0.01 4459 1644 3104 289 1578 Regression
