Afghanistan 17053 0.33 29 0.01 1698 335 1377 14 741 Regression
Albania 2165 0.04 60 0.02 27944 4122 25028 1206 13938 Regression
Algeria 26858 0.53 257 0.07 9580 4443 5887 749 2473 Regression
Angola 13361 0.26 60 0.02 4511 2213 2759 461 1426 Regression
Argentina 30052 0.59 306 0.08 10169 4857 6520 1209 3029 Regression
Armenia 2174 0.04 43 0.01 19597 8119 12388 910 8470 Regression
Australia 18737 0.37 7217 2.00 385207 196248 280892 91933 185519 Original
Austria 7191 0.14 1811 0.50 251854 105294 177085 30524 79009 Original
Azerbaijan 7010 0.14 82 0.02 11760 1362 10918 519 5134 Regression
Bahamas 269 0.01 18 0.00 66569 46171 51375 30977 6999 Regression
Bahrain 1218 0.02 113 0.03 92397 54903 45381 7887 15863 Regression
Bangladesh 102005 2.00 702 0.19 6881 1533 5590 242 2794 Regression
Barbados 218 0.00 14 0.00 66120 26838 58897 19615 19028 Regression
Belarus 7420 0.15 135 0.04 18196 5676 14053 1533 9426 Regression
Belgium 8914 0.17 2607 0.72 292439 170742 158633 36936 181122 Original
Belize 231 0.00 3 0.00 11006 3113 9626 1733 2726 Regression
Benin 5474 0.11 12 0.00 2109 615 1646 152 730 Regression
Bolivia 6781 0.13 80 0.02 11825 4524 8831 1530 3058 Regression
BosniaandHerzegovina 2644 0.05 71 0.02 26757 3865 24967 2076 13242 Regression
Botswana 1288 0.03 21 0.01 16108 11330 7382 2604 3778 Regression
Brazil 149139 2.93 3479 0.97 23329 13920 14004 4596 4249 Regression
BritishCaribbean 554 0.01 27 0.01 48355 10403 44587 6635 13500 Regression
Brunei 298 0.01 12 0.00 39914 13551 31199 4836 5561 Regression
Bulgaria 5694 0.11 189 0.05 33116 16758 19696 3339 15663 Regression
BurkinaFaso 8862 0.17 13 0.00 1447 259 1289 101 533 Regression
Burundi 5038 0.10 3 0.00 676 115 598 37 259 Regression
Cambodia 9801 0.19 51 0.01 5154 782 4977 605 1855 Regression
Cameroon 11964 0.23 34 0.01 2812 1238 1762 188 865 Regression
Canada 29317 0.58 7936 2.20 270708 170949 155859 56100 101731 Original
CentralAfricanRepublic 2058 0.04 1 0.00 718 298 471 51 180 Regression
Chad 6566 0.13 7 0.00 1078 408 739 68 341 Regression
Chile 13872 0.27 847 0.24 61091 37733 33695 10337 19218 Original
China 1092199 21.44 66281 18.40 60686 27857 38493 5664 21862 Regression
Colombia 34275 0.67 606 0.17 17685 10361 10269 2945 5142 Regression
Comoros 423 0.01 2 0.00 5071 1070 4274 273 1376 Regression
CongoDemRep 37125 0.73 45 0.01 1222 362 900 39 348 Regression
CongoRep 2557 0.05 6 0.00 2220 628 1776 184 589 Regression
CostaRica 3586 0.07 129 0.04 36048 14148 26699 4799 10034 Regression
Croatia 3334 0.07 209 0.06 62659 22587 46496 6424 31375 Regression
Cyprus 666 0.01 85 0.02 127962 81117 90130 43285 40422 Regression
Czechia 8540 0.17 554 0.15 64878 34541 40189 9851 25199 Original
Denmark 4510 0.09 1413 0.39 313272 247352 153664 87744 119009 Original
Djibouti 591 0.01 2 0.00 2824 1395 1889 460 976 Regression
DutchCaribbean 253 0.00 12 0.00 48955 14530 43217 8792 18005 Regression
Ecuador 10865 0.21 208 0.06 19165 7349 13507 1691 5055 Regression
Egypt 57197 1.12 892 0.25 15595 6014 10353 772 5055 Regression
ElSalvador 4087 0.08 128 0.04 31394 17566 15625 1797 8713 Regression
EquatorialGuinea 720 0.01 13 0.00 18571 17231 3368 2028 4637 Regression
Eritrea 1679 0.03 4 0.00 2573 585 2096 108 977 Regression
Estonia 1048 0.02 73 0.02 70080 35779 45919 11618 34610 Original
Ethiopia 53072 1.04 176 0.05 3319 452 2924 57 1432 Regression
Fiji 552 0.01 9 0.00 15869 3427 14811 2369 6104 Regression
Finland 4343 0.09 729 0.20 167922 82394 131189 45661 74233 Original
France 49567 0.97 13470 3.74 271754 123087 187321 38654 121800 Original
FrenchCaribbean 624 0.01 43 0.01 69278 29788 51122 11632 20971 Regression
Gabon 1162 0.02 16 0.00 14154 11050 4165 1061 4818 Regression
Gambia 1044 0.02 2 0.00 2248 844 1471 68 588 Regression
Georgia 2984 0.06 40 0.01 13299 5983 8174 859 4002 Regression
Germany 67731 1.33 14818 4.11 218778 101700 147373 30295 53224 Original
Ghana 15752 0.31 91 0.03 5763 2091 3958 286 2055 Regression
Greece 8502 0.17 866 0.24 101820 34100 82670 14951 58601 Original
Guinea 5639 0.11 13 0.00 2334 575 1845 86 741 Regression
GuineaBissau 897 0.02 1 0.00 1627 541 1178 92 596 Regression
Guyana 484 0.01 6 0.00 12381 5959 7688 1265 4069 Regression
Haiti 6360 0.12 5 0.00 840 447 508 115 174 Regression
HongKong 6221 0.12 3181 0.88 511305 365243 200760 54699 165883 Regression
Hungary 7810 0.15 385 0.11 49250 25510 28031 4291 21921 Original
Iceland 250 0.00 104 0.03 418022 266509 231593 80080 285850 Regression
India 869206 17.06 12330 3.42 14186 3314 12103 1231 3159 Original
Indonesia 174820 3.43 2660 0.74 15217 5140 10569 492 3780 Regression
Iran 56674 1.11 815 0.23 14385 3070 12402 1087 5141 Regression
Iraq 19962 0.39 339 0.09 16974 2743 14680 449 7723 Regression
Ireland 3518 0.07 849 0.24 241256 121669 167456 47869 97441 Original
Israel 5441 0.11 1011 0.28 185896 154786 63261 32151 62584 Original
Italy 49695 0.98 10913 3.03 219605 97184 144104 21683 111621 Original
Jamaica 1997 0.04 43 0.01 21733 9499 14468 2234 5456 Regression
Japan 105200 2.07 24075 6.68 228846 156873 99511 27538 106352 Original
Jordan 5614 0.11 154 0.04 27436 17314 12622 2501 10912 Regression
Kazakhstan 12088 0.24 358 0.10 29636 7286 23692 1342 7683 Regression
Kenya 25663 0.50 261 0.07 10158 2862 7813 517 3021 Regression
Korea 41939 0.82 7804 2.17 186087 79598 144696 38207 75203 Original
Kuwait 3056 0.06 461 0.13 150949 117728 46472 13251 33251 Regression
Kyrgyzstan 3802 0.07 22 0.01 5758 1249 4712 203 2305 Regression
Laos 4101 0.08 28 0.01 6836 1718 5547 428 1580 Regression
Latvia 1526 0.03 100 0.03 65294 19926 50495 5127 31059 Regression
Lebanon 4490 0.09 248 0.07 55288 13486 46237 4435 18569 Regression
Lesotho 1210 0.02 2 0.00 1311 731 845 265 281 Regression
Liberia 2353 0.05 9 0.00 3920 1282 2721 83 1283 Regression
Libya 4280 0.08 67 0.02 15671 6973 9796 1098 5904 Regression
Lithuania 2233 0.04 119 0.03 53489 21945 38146 6602 24758 Original
Luxembourg 479 0.01 225 0.06 468956 243748 322468 97260 253463 Original
Madagascar 12907 0.25 23 0.01 1797 246 1613 62 607 Regression
Malawi 8281 0.16 13 0.00 1532 81 1495 44 451 Regression
Malaysia 21440 0.42 624 0.17 29084 9537 26678 7131 8636 Regression
Maldives 389 0.01 9 0.00 22729 874 23275 1420 7989 Regression
Mali 8072 0.16 16 0.00 2007 661 1517 170 716 Regression
Malta 356 0.01 50 0.01 140448 89715 74456 23723 79122 Regression
Mauritania 2226 0.04 6 0.00 2484 764 1933 212 920 Regression
Mauritius 951 0.02 59 0.02 62141 37326 29664 4850 26895 Regression
Melanesia 677 0.01 23 0.01 34057 9134 28386 3463 13958 Regression
Mexico 82248 1.61 3259 0.91 39628 15044 25717 1133 12182 Original
Micronesia 331 0.01 5 0.00 13814 3840 11061 1087 5355 Regression
Moldova 3197 0.06 41 0.01 12920 2994 10402 476 6260 Regression
Mongolia 2004 0.04 11 0.00 5263 863 5725 1325 2200 Regression
Montenegro 474 0.01 25 0.01 53787 24752 33315 4280 27240 Regression
Morocco 23854 0.47 310 0.09 12980 3648 10589 1256 3852 Regression
Mozambique 13241 0.26 11 0.00 860 211 733 85 294 Regression
Myanmar 34729 0.68 155 0.04 4473 2240 2303 70 2258 Regression
Namibia 1316 0.03 24 0.01 18019 14466 7197 3644 4307 Regression
Nepal 16604 0.33 59 0.02 3534 349 3611 426 1308 Regression
Netherlands 13327 0.26 4086 1.13 306581 214917 163686 72022 112763 Original
NewZealand 3525 0.07 1188 0.33 337104 215834 164788 43517 165369 Original
Nicaragua 3950 0.08 44 0.01 11252 2044 9852 644 2847 Regression
Niger 8991 0.18 10 0.00 1120 150 1012 42 426 Regression
Nigeria 90692 1.78 544 0.15 5994 4438 1878 323 1280 Regression
Norway 4098 0.08 1069 0.30 260785 130522 234000 103737 109520 Original
Oman 3586 0.07 157 0.04 43772 20756 27614 4598 11578 Regression
Pakistan 117328 2.30 612 0.17 5215 2017 3328 130 2239 Regression
Panama 2724 0.05 114 0.03 41909 16803 31502 6396 10440 Regression
PapuaNewGuinea 4691 0.09 32 0.01 6854 2241 4858 245 1927 Regression
Paraguay 4282 0.08 56 0.02 13114 3909 10940 1736 3338 Regression
Peru 21478 0.42 384 0.11 17866 8419 11687 2239 5036 Regression
Philippines 64009 1.26 737 0.20 11514 5352 7222 1061 2106 Regression
Poland 30413 0.60 1765 0.49 58032 17888 46735 6592 23176 Regression
Polynesia 413 0.01 17 0.00 40232 9024 35053 3845 15628 Regression
Portugal 8341 0.16 1093 0.30 131020 57696 97289 23966 56048 Regression
Qatar 2310 0.05 365 0.10 158027 112417 63444 17833 91632 Regression
Romania 15414 0.30 688 0.19 44635 10061 37285 2711 21595 Regression
Russia 112736 2.21 2723 0.76 24150 8737 17695 2281 4593 Original
Rwanda 6191 0.12 23 0.01 3766 402 3497 132 1132 Regression
SaoTomeandPrincipe 99 0.00 0 0.00 3572 2209 1858 496 1507 Regression
SaudiArabia 23259 0.46 1691 0.47 72722 41592 35800 4669 16361 Regression
Senegal 7483 0.15 31 0.01 4099 742 3599 242 1362 Regression
Serbia 5500 0.11 143 0.04 26030 7412 20192 1574 12159 Regression
Seychelles 68 0.00 4 0.00 57894 34678 30300 7084 22478 Regression
SierraLeone 3727 0.07 3 0.00 890 466 456 31 329 Regression
Singapore 4774 0.09 1355 0.38 283736 188749 145325 50338 70573 Original
Slovakia 4345 0.09 254 0.07 58535 19923 49419 10807 39244 Original
Slovenia 1674 0.03 170 0.05 101297 31856 79384 9943 56374 Original
SouthAfrica 36445 0.72 739 0.21 20284 15830 8596 4142 4463 Original
Spain 37678 0.74 7574 2.10 201025 63964 160582 23521 93156 Original
SriLanka 14520 0.29 313 0.09 21570 4275 18058 763 8287 Regression
Sudan 20609 0.40 17 0.00 830 467 449 86 312 Regression
Suriname 372 0.01 2 0.00 5873 2371 4213 711 1173 Regression
Sweden 7722 0.15 2007 0.56 259898 195532 127658 63293 71485 Original
Switzerland 6852 0.13 3831 1.06 559105 383245 309346 133486 112706 Original
Syria 10111 0.20 25 0.01 2445 400 2084 40 935 Regression
Taiwan 19388 0.38 4150 1.15 214069 162971 78815 27716 81417 Regression
Tajikistan 4999 0.10 21 0.01 4101 587 3612 97 1787 Regression
Tanzania 25951 0.51 81 0.02 3137 385 2884 131 1226 Regression
Thailand 53225 1.04 1274 0.35 23935 9826 19336 5228 6528 Regression
TimorLeste 651 0.01 3 0.00 4784 637 4305 158 2709 Regression
Togo 3849 0.08 4 0.00 1137 301 971 135 357 Regression
TrinidadandTobago 1021 0.02 44 0.01 43377 21580 28141 6344 12976 Regression
Tunisia 8026 0.16 119 0.03 14836 5412 10556 1132 5151 Regression
Turkey 55789 1.10 1508 0.42 27035 5294 23675 1934 7880 Regression
Turkmenistan 3607 0.07 54 0.02 15070 2797 12627 354 6925 Regression
Uganda 18215 0.36 31 0.01 1700 203 1598 101 548 Regression
Ukraine 35155 0.69 343 0.10 9756 3157 7075 476 1799 Regression
UnitedArabEmirates 7872 0.15 1059 0.29 134534 81535 64905 11907 23880 Regression
UnitedKingdom 51963 1.02 13391 3.72 257703 166934 139736 48967 109978 Original
UnitedStates 245783 4.82 102408 28.44 416660 339831 137984 61155 61739 Original
Uruguay 2497 0.05 166 0.05 66466 25830 42796 2159 20403 Regression
Venezuela 18315 0.36 562 0.16 30673 18959 12096 382 9036 Regression
Vietnam 67259 1.32 783 0.22 11635 2568 10171 1104 3259 Regression
Yemen 14346 0.28 78 0.02 5458 1794 3741 78 1266 Regression
Zambia 7719 0.15 25 0.01 3211 1964 1403 155 719 Regression
Zimbabwe 6817 0.13 34 0.01 4952 1807 3459 314 1627 Regression
