Afghanistan 17692 0.34 31 0.01 1765 341 1436 12 742 Regression
Albania 2177 0.04 66 0.02 30333 4578 27025 1271 15275 Regression
Algeria 27248 0.53 268 0.07 9841 4641 5965 764 2558 Regression
Angola 13840 0.27 53 0.01 3849 1875 2340 367 1235 Regression
Argentina 30426 0.59 238 0.06 7816 3652 5095 932 2364 Regression
Armenia 2175 0.04 48 0.01 22150 9468 13712 1031 9234 Regression
Australia 18952 0.37 7923 2.03 418061 216180 293999 92118 205795 Original
Austria 7235 0.14 1893 0.49 261559 111213 180939 30594 83011 Regression
Azerbaijan 7083 0.14 91 0.02 12832 1471 11926 566 5403 Regression
Bahamas 273 0.01 19 0.00 67873 46980 51258 30364 9052 Regression
Bahrain 1275 0.02 123 0.03 96518 57719 46891 8092 16004 Regression
Bangladesh 104033 2.01 786 0.20 7555 1645 6171 260 2951 Regression
Barbados 220 0.00 16 0.00 70717 28241 61101 18625 23781 Regression
Belarus 7392 0.14 168 0.04 22731 7182 17419 1870 11888 Regression
Belgium 8955 0.17 2662 0.68 297294 175661 160054 38422 195214 Original
Belize 238 0.00 3 0.00 11285 3189 9847 1751 3317 Regression
Benin 5655 0.11 13 0.00 2246 640 1764 158 782 Regression
Bolivia 6934 0.13 90 0.02 13000 4961 9704 1664 4056 Regression
BosniaandHerzegovina 2641 0.05 77 0.02 29243 4293 27224 2274 14614 Regression
Botswana 1323 0.03 24 0.01 17882 12083 8495 2696 4226 Regression
Brazil 151275 2.93 3640 0.93 24062 14387 14442 4767 4790 Regression
BritishCaribbean 561 0.01 29 0.01 51470 11155 47429 7114 16919 Regression
Brunei 304 0.01 12 0.00 38227 12845 30035 4653 5007 Regression
Bulgaria 5639 0.11 198 0.05 35154 17540 21165 3550 16797 Regression
BurkinaFaso 9166 0.18 14 0.00 1537 268 1374 105 570 Regression
Burundi 5207 0.10 4 0.00 719 122 636 39 278 Regression
Cambodia 9993 0.19 57 0.01 5697 838 5557 698 1963 Regression
Cameroon 12334 0.24 38 0.01 3044 1326 1913 195 943 Regression
Canada 29638 0.57 8988 2.31 303253 193780 169953 60480 114353 Original
CentralAfricanRepublic 2105 0.04 2 0.00 824 326 550 52 209 Regression
Chad 6810 0.13 8 0.00 1175 448 790 64 374 Regression
Chile 14095 0.27 856 0.22 60719 37869 32918 10069 20231 Original
China 1098868 21.28 70638 18.13 64283 30202 40366 6285 23333 Regression
Colombia 35004 0.68 640 0.16 18279 10492 11024 3238 5184 Regression
Comoros 435 0.01 2 0.00 5287 1101 4456 271 1439 Regression
CongoDemRep 38415 0.74 52 0.01 1356 409 988 42 389 Regression
CongoRep 2630 0.05 7 0.00 2752 807 2157 212 736 Regression
CostaRica 3642 0.07 153 0.04 41899 16394 30375 4870 13972 Regression
Croatia 3319 0.06 219 0.06 66006 22999 49541 6534 33380 Regression
Cyprus 673 0.01 92 0.02 136616 83896 92879 40159 36067 Regression
Czechia 8535 0.17 573 0.15 67104 35845 41189 9930 20509 Original
Denmark 4535 0.09 1530 0.39 337320 270819 154479 87978 148647 Original
Djibouti 605 0.01 2 0.00 2967 1445 2009 486 1028 Regression
DutchCaribbean 255 0.00 12 0.00 48317 14304 42493 8480 20003 Regression
Ecuador 11123 0.22 218 0.06 19632 7925 13473 1767 6284 Regression
Egypt 58359 1.13 1139 0.29 19515 7625 12849 959 6292 Regression
ElSalvador 4145 0.08 140 0.04 33793 19123 16537 1867 11394 Regression
EquatorialGuinea 750 0.01 15 0.00 19827 18378 3575 2126 4966 Regression
Eritrea 1701 0.03 5 0.00 2653 665 2103 115 1014 Regression
Estonia 1046 0.02 73 0.02 69935 35766 45839 11669 34982 Regression
Ethiopia 55084 1.07 189 0.05 3437 476 3023 63 1492 Regression
Fiji 558 0.01 9 0.00 16826 3705 15739 2617 6173 Regression
Finland 4358 0.08 722 0.19 165673 84591 128469 47387 73124 Original
France 49764 0.96 14063 3.61 282583 131285 190772 39474 126472 Original
FrenchCaribbean 628 0.01 48 0.01 77144 33139 56165 12161 26941 Regression
Gabon 1189 0.02 18 0.00 15192 11935 4365 1107 5204 Regression
Gambia 1079 0.02 3 0.00 2364 896 1545 76 623 Regression
Georgia 2972 0.06 42 0.01 14078 6596 8413 931 4198 Regression
Germany 67907 1.32 15498 3.98 228227 106842 152415 31030 55340 Original
Ghana 16182 0.31 92 0.02 5658 2127 3826 295 2031 Regression
Greece 8482 0.16 860 0.22 101378 35671 80147 14441 55158 Regression
Guinea 5857 0.11 16 0.00 2684 662 2119 98 857 Regression
GuineaBissau 923 0.02 2 0.00 1764 575 1283 95 647 Regression
Guyana 491 0.01 7 0.00 14077 6868 8639 1430 5363 Regression
Haiti 6490 0.13 5 0.00 814 414 503 102 206 Regression
HongKong 6261 0.12 3317 0.85 529755 380570 209428 60244 184315 Regression
Hungary 7791 0.15 406 0.10 52095 26847 29811 4563 23433 Regression
Iceland 252 0.00 103 0.03 406976 257412 223731 74167 279018 Regression
India 884976 17.14 13427 3.45 15172 3539 12997 1363 3459 Original
Indonesia 177801 3.44 3077 0.79 17304 5888 11955 539 4619 Regression
Iran 57342 1.11 1003 0.26 17486 3992 15000 1506 5954 Regression
Iraq 20588 0.40 362 0.09 17574 3073 14979 479 7726 Regression
Ireland 3571 0.07 906 0.23 253701 128739 171326 46364 94064 Regression
Israel 5533 0.11 1178 0.30 212872 178584 70498 36210 75176 Regression
Italy 49720 0.96 10881 2.79 218853 99406 141000 21553 108988 Original
Jamaica 2019 0.04 47 0.01 23495 10460 15419 2384 7120 Regression
Japan 105094 2.04 25166 6.46 239458 165965 102122 28628 115355 Regression
Jordan 5748 0.11 167 0.04 29124 18377 13240 2493 11150 Regression
Kazakhstan 12155 0.24 415 0.11 34168 7735 27904 1471 12562 Regression
Kenya 26557 0.51 307 0.08 11544 3310 8764 530 3457 Regression
Korea 42230 0.82 8035 2.06 190275 81362 147354 38441 81503 Original
Kuwait 3106 0.06 492 0.13 158493 126621 46451 14579 34975 Regression
Kyrgyzstan 3864 0.07 24 0.01 6157 1395 4984 221 2369 Regression
Laos 4195 0.08 30 0.01 7247 1818 5872 442 1581 Regression
Latvia 1501 0.03 104 0.03 69012 20271 53747 5006 33217 Regression
Lebanon 4525 0.09 264 0.07 58367 13925 48781 4339 18491 Regression
Lesotho 1226 0.02 2 0.00 1518 834 951 268 328 Regression
Liberia 2426 0.05 10 0.00 4159 1322 2917 79 1370 Regression
Libya 4361 0.08 76 0.02 17380 7532 10997 1149 6588 Regression
Lithuania 2197 0.04 125 0.03 56712 24085 39161 6534 26524 Regression
Luxembourg 489 0.01 230 0.06 469264 239968 325350 96054 255645 Regression
Madagascar 13357 0.26 25 0.01 1900 261 1706 66 646 Regression
Malawi 8578 0.17 16 0.00 1823 88 1785 50 541 Regression
Malaysia 21887 0.42 658 0.17 30053 10398 27168 7513 9027 Regression
Maldives 403 0.01 10 0.00 24936 963 25528 1556 8326 Regression
Mali 8342 0.16 19 0.00 2218 714 1678 174 796 Regression
Malta 357 0.01 51 0.01 143672 92458 75608 24395 81451 Regression
Mauritania 2298 0.04 6 0.00 2656 831 2054 228 990 Regression
Mauritius 959 0.02 59 0.02 62008 37918 29147 5058 26899 Regression
Melanesia 694 0.01 23 0.01 33860 9329 27768 3237 13260 Regression
Mexico 83693 1.62 3697 0.95 44177 16661 28726 1209 14270 Regression
Micronesia 336 0.01 5 0.00 14138 4071 11126 1059 5225 Regression
Moldova 3193 0.06 48 0.01 14888 3581 11847 541 7286 Regression
Mongolia 2029 0.04 12 0.00 6143 1003 6603 1463 2473 Regression
Montenegro 475 0.01 28 0.01 59519 28239 35917 4638 30353 Regression
Morocco 24252 0.47 332 0.09 13701 3835 11141 1275 4002 Regression
Mozambique 13705 0.27 13 0.00 973 231 831 88 335 Regression
Myanmar 35220 0.68 164 0.04 4654 2349 2379 74 2276 Regression
Namibia 1345 0.03 26 0.01 19354 15118 8023 3787 4661 Regression
Nepal 17238 0.33 68 0.02 3971 384 4008 421 1407 Regression
Netherlands 13395 0.26 4434 1.14 331059 232572 169733 71247 119225 Regression
NewZealand 3563 0.07 1187 0.30 333053 210627 166113 43688 164448 Original
Nicaragua 4028 0.08 48 0.01 11857 2179 10247 569 3674 Regression
Niger 9359 0.18 11 0.00 1208 155 1097 44 462 Regression
Nigeria 93268 1.81 647 0.17 6936 5161 2145 371 1578 Regression
Norway 4142 0.08 1136 0.29 274248 138555 242678 106985 115925 Regression
Oman 3692 0.07 172 0.04 46474 21252 30088 4866 11649 Regression
Pakistan 120439 2.33 621 0.16 5153 2047 3219 114 2143 Regression
Panama 2785 0.05 127 0.03 45432 18232 34129 6929 13703 Regression
PapuaNewGuinea 4816 0.09 36 0.01 7457 2521 5192 256 1990 Regression
Paraguay 4369 0.08 55 0.01 12527 4076 10205 1754 3849 Regression
Peru 22094 0.43 436 0.11 19719 9278 12827 2386 6493 Regression
Philippines 65476 1.27 856 0.22 13077 6062 8206 1191 2680 Regression
Poland 30372 0.59 1907 0.49 62783 19054 50655 6926 21940 Regression
Polynesia 418 0.01 17 0.00 40630 9416 34946 3732 15049 Regression
Portugal 8341 0.16 1157 0.30 138705 57043 100874 19212 59553 Regression
Qatar 2358 0.05 399 0.10 169177 120256 68631 19710 96472 Regression
Romania 15307 0.30 730 0.19 47721 11362 39354 2995 22371 Regression
Russia 112285 2.17 3374 0.87 30044 11137 22047 3139 6122 Original
Rwanda 6386 0.12 26 0.01 4039 430 3749 140 1223 Regression
SaoTomeandPrincipe 102 0.00 0 0.00 4059 2506 2033 480 1717 Regression
SaudiArabia 23756 0.46 1808 0.46 76107 43933 36996 4822 17152 Regression
Senegal 7725 0.15 33 0.01 4239 751 3730 242 1417 Regression
Serbia 5492 0.11 159 0.04 28986 8175 22562 1751 13679 Regression
Seychelles 68 0.00 4 0.00 60139 36218 31407 7486 23405 Regression
SierraLeone 3831 0.07 4 0.00 927 488 467 27 345 Regression
Singapore 4836 0.09 1487 0.38 307535 206621 150652 49738 80061 Original
Slovakia 4347 0.08 269 0.07 61891 20377 52617 11103 41714 Original
Slovenia 1673 0.03 184 0.05 110242 38438 81711 9907 62368 Original
SouthAfrica 37025 0.72 798 0.20 21543 16971 8954 4383 4785 Original
Spain 37749 0.73 7942 2.04 210397 70299 162767 22669 97871 Original
SriLanka 14624 0.28 361 0.09 24710 5043 20407 740 9124 Regression
Sudan 21263 0.41 22 0.01 1014 587 507 80 383 Regression
Suriname 377 0.01 2 0.00 6495 2661 4630 796 1569 Regression
Sweden 7759 0.15 2178 0.56 280710 218530 125799 63619 74072 Original
Switzerland 6907 0.13 4167 1.07 603233 421988 316736 135490 132647 Original
Syria 10370 0.20 25 0.01 2448 421 2070 43 900 Regression
Taiwan 19518 0.38 4364 1.12 223589 171368 80375 28154 87180 Regression
Tajikistan 5115 0.10 22 0.01 4273 631 3741 100 1794 Regression
Tanzania 26831 0.52 92 0.02 3439 428 3150 139 1353 Regression
Thailand 53658 1.04 1478 0.38 27550 11134 22286 5869 9594 Regression
TimorLeste 670 0.01 3 0.00 5146 659 4667 180 2816 Regression
Togo 3964 0.08 5 0.00 1312 333 1122 143 415 Regression
TrinidadandTobago 1027 0.02 48 0.01 46437 23029 29780 6372 16580 Regression
Tunisia 8118 0.16 139 0.04 17165 6303 12158 1296 6049 Regression
Turkey 56833 1.10 1568 0.40 27586 5910 23611 1936 8111 Regression
Turkmenistan 3663 0.07 66 0.02 17986 3371 15035 420 7989 Regression
Uganda 19028 0.37 36 0.01 1916 230 1798 111 622 Regression
Ukraine 34893 0.68 457 0.12 13085 4294 9356 565 2511 Regression
UnitedArabEmirates 7982 0.15 1070 0.27 134016 81436 64258 11679 25725 Regression
UnitedKingdom 52284 1.01 14146 3.63 270553 173884 144612 47942 123422 Original
UnitedStates 247939 4.80 114932 29.50 463549 382190 143945 62586 69117 Original
Uruguay 2514 0.05 159 0.04 63141 24859 40258 1976 23084 Regression
Venezuela 18203 0.35 439 0.11 24109 12982 11424 297 8480 Regression
Vietnam 67928 1.32 877 0.23 12915 2830 11329 1244 4214 Regression
Yemen 14809 0.29 91 0.02 6142 2064 4167 90 1345 Regression
Zambia 8018 0.16 25 0.01 3142 1929 1353 140 710 Regression
Zimbabwe 6936 0.13 48 0.01 6892 2337 5054 499 2279 Regression
