Afghanistan 18356 0.35 32 0.01 1744 365 1390 11 734 Regression
Albania 2187 0.04 67 0.02 30524 4863 26783 1122 15363 Regression
Algeria 27620 0.53 245 0.06 8871 4288 5220 637 2302 Regression
Angola 14339 0.27 51 0.01 3529 1714 2132 317 1131 Regression
Argentina 30799 0.59 222 0.05 7224 3490 4504 771 2157 Regression
Armenia 2176 0.04 49 0.01 22573 9689 13849 965 9411 Regression
Australia 19159 0.37 9268 2.22 483755 246617 339565 102427 238072 Original
Austria 7271 0.14 2111 0.50 290348 128778 195834 34264 91833 Regression
Azerbaijan 7155 0.14 85 0.02 11926 1380 11042 497 5022 Regression
Bahamas 278 0.01 16 0.00 56737 38442 43739 25443 7507 Regression
Bahrain 1318 0.03 115 0.03 87559 50888 43907 7236 14520 Regression
Bangladesh 106060 2.03 831 0.20 7837 1754 6342 259 3062 Regression
Barbados 221 0.00 14 0.00 63261 24399 55049 16187 21071 Regression
Belarus 7367 0.14 171 0.04 23278 7870 17156 1748 12168 Regression
Belgium 8993 0.17 3159 0.76 351327 197597 195836 42106 230548 Regression
Belize 245 0.00 3 0.00 10364 2906 8909 1451 3015 Regression
Benin 5839 0.11 15 0.00 2558 715 1998 156 890 Regression
Bolivia 7088 0.14 87 0.02 12286 4727 9021 1461 3804 Regression
BosniaandHerzegovina 2637 0.05 81 0.02 30597 4578 28121 2102 15283 Regression
Botswana 1358 0.03 21 0.01 15598 10175 7608 2185 3680 Regression
Brazil 153307 2.93 2801 0.67 18272 10989 10922 3639 3469 Regression
BritishCaribbean 567 0.01 26 0.01 45109 9471 41722 6084 14684 Regression
Brunei 309 0.01 12 0.00 39098 13039 30496 4438 5122 Regression
Bulgaria 5586 0.11 204 0.05 36443 18076 22215 3848 17403 Regression
BurkinaFaso 9480 0.18 16 0.00 1681 287 1494 99 622 Regression
Burundi 5381 0.10 4 0.00 728 125 640 37 281 Regression
Cambodia 10180 0.19 60 0.01 5895 858 5691 653 2031 Regression
Cameroon 12716 0.24 39 0.01 3042 1323 1902 183 941 Regression
Canada 29934 0.57 9948 2.38 332323 208431 188393 64500 125688 Original
CentralAfricanRepublic 2161 0.04 2 0.00 840 331 558 49 212 Regression
Chad 7059 0.13 8 0.00 1117 426 748 57 355 Regression
Chile 14259 0.27 764 0.18 53591 33895 28383 8687 17747 Regression
China 1104956 21.12 74884 17.90 67771 33102 41874 7205 24067 Regression
Colombia 35612 0.68 603 0.14 16928 10085 9860 3017 4854 Regression
Comoros 447 0.01 2 0.00 5397 1136 4519 258 1466 Regression
CongoDemRep 39740 0.76 49 0.01 1240 375 902 36 356 Regression
CongoRep 2707 0.05 6 0.00 2180 638 1700 158 582 Regression
CostaRica 3696 0.07 164 0.04 44337 17181 31606 4450 14662 Regression
Croatia 3303 0.06 228 0.05 69140 25144 51047 7050 34945 Regression
Cyprus 679 0.01 97 0.02 142304 90679 91910 40285 35300 Regression
Czechia 8528 0.16 666 0.16 78103 42643 47227 11767 23794 Regression
Denmark 4557 0.09 1714 0.41 376069 328635 145914 98479 165622 Regression
Djibouti 618 0.01 2 0.00 3112 1513 2067 468 1077 Regression
DutchCaribbean 258 0.00 11 0.00 40909 11710 36279 7080 16810 Regression
Ecuador 11361 0.22 195 0.05 17151 7078 11488 1416 5444 Regression
Egypt 59547 1.14 1159 0.28 19468 8000 12340 872 6329 Regression
ElSalvador 4201 0.08 143 0.03 34003 19173 16462 1632 11372 Regression
EquatorialGuinea 776 0.01 14 0.00 18246 16821 3262 1837 4561 Regression
Eritrea 1728 0.03 5 0.00 2846 720 2239 114 1086 Regression
Estonia 1044 0.02 81 0.02 77817 41264 49153 12600 38901 Regression
Ethiopia 57104 1.09 202 0.05 3540 497 3103 61 1527 Regression
Fiji 564 0.01 9 0.00 15708 3447 14646 2385 5764 Regression
Finland 4373 0.08 733 0.18 167711 92631 123785 48706 73775 Regression
France 49967 0.95 14958 3.58 299355 149703 194428 44776 133559 Regression
FrenchCaribbean 631 0.01 43 0.01 68443 28544 50449 10550 23740 Regression
Gabon 1216 0.02 17 0.00 13696 10729 3912 945 4685 Regression
Gambia 1115 0.02 3 0.00 2500 936 1635 71 658 Regression
Georgia 2959 0.06 42 0.01 14162 6656 8378 872 4223 Regression
Germany 68015 1.30 18274 4.37 268681 125390 178653 35363 65374 Regression
Ghana 16617 0.32 102 0.02 6132 2289 4122 279 2198 Regression
Greece 8462 0.16 885 0.21 104603 37681 81404 14482 57595 Regression
Guinea 6078 0.12 18 0.00 2942 716 2320 93 938 Regression
GuineaBissau 949 0.02 2 0.00 1828 587 1328 86 670 Regression
Guyana 497 0.01 6 0.00 12280 6032 7404 1155 4637 Regression
Haiti 6621 0.13 5 0.00 767 380 482 94 193 Regression
HongKong 6292 0.12 3167 0.76 503335 365478 195518 57661 173768 Regression
Hungary 7769 0.15 417 0.10 53664 28484 30131 4951 24126 Regression
Iceland 255 0.00 86 0.02 337787 218853 183463 64530 231462 Regression
India 900443 17.21 12833 3.07 14252 3610 11904 1262 3194 Regression
Indonesia 180782 3.46 3199 0.76 17693 5959 12254 520 4693 Regression
Iran 57987 1.11 1290 0.31 22249 5801 18200 1752 7621 Regression
Iraq 21247 0.41 308 0.07 14506 2774 12114 381 6378 Regression
Ireland 3619 0.07 963 0.23 266153 146898 167300 48046 99028 Regression
Israel 5626 0.11 1284 0.31 228268 189126 75064 35922 80315 Regression
Italy 49746 0.95 11901 2.84 239244 116228 146848 23831 118885 Regression
Jamaica 2041 0.04 41 0.01 19893 8048 13923 2079 5976 Regression
Japan 104953 2.01 26931 6.44 256596 179081 109795 32280 122980 Regression
Jordan 5866 0.11 166 0.04 28316 17276 13375 2335 10842 Regression
Kazakhstan 12226 0.23 409 0.10 33463 7986 26776 1298 12029 Regression
Kenya 27473 0.53 338 0.08 12313 3567 9270 523 3683 Regression
Korea 42490 0.81 8981 2.15 211369 96543 158446 43621 89671 Regression
Kuwait 3146 0.06 409 0.10 129890 102371 39681 12161 28698 Regression
Kyrgyzstan 3927 0.08 23 0.01 5816 1372 4632 187 2238 Regression
Laos 4288 0.08 32 0.01 7379 1844 5957 422 1610 Regression
Latvia 1477 0.03 104 0.02 70454 23146 52424 5116 33884 Regression
Lebanon 4548 0.09 250 0.06 55007 13573 45282 3847 18159 Regression
Lesotho 1243 0.02 2 0.00 1226 638 789 200 264 Regression
Liberia 2502 0.05 11 0.00 4453 1399 3129 75 1464 Regression
Libya 4440 0.08 76 0.02 17198 7655 10584 1041 6512 Regression
Lithuania 2166 0.04 138 0.03 63500 29792 40596 6888 29679 Regression
Luxembourg 498 0.01 238 0.06 477306 252726 328894 104314 259899 Regression
Madagascar 13812 0.26 27 0.01 1962 250 1774 63 666 Regression
Malawi 8887 0.17 18 0.00 2045 91 2004 49 606 Regression
Malaysia 22315 0.43 654 0.16 29287 10370 26219 7302 8583 Regression
Maldives 409 0.01 10 0.00 25511 1085 25953 1527 8519 Regression
Mali 8625 0.16 21 0.00 2424 766 1823 165 869 Regression
Malta 358 0.01 53 0.01 148934 98894 76319 26279 84390 Regression
Mauritania 2370 0.05 7 0.00 2788 855 2142 210 1037 Regression
Mauritius 968 0.02 61 0.01 63372 38348 30076 5052 27456 Regression
Melanesia 711 0.01 22 0.01 31106 8557 25455 2906 12183 Regression
Mexico 85136 1.63 3634 0.87 42689 16146 27628 1085 13752 Regression
Micronesia 341 0.01 4 0.00 13193 3792 10365 964 4876 Regression
Moldova 3188 0.06 49 0.01 15491 4026 11971 506 7577 Regression
Mongolia 2053 0.04 13 0.00 6324 1035 6644 1355 2546 Regression
Montenegro 476 0.01 29 0.01 60310 29463 34962 4115 30739 Regression
Morocco 24654 0.47 332 0.08 13459 3736 10870 1147 3874 Regression
Mozambique 14186 0.27 14 0.00 1003 222 865 83 345 Regression
Myanmar 35734 0.68 180 0.04 5025 2533 2566 73 2458 Regression
Namibia 1375 0.03 21 0.01 15294 11365 6904 2975 3677 Regression
Nepal 17887 0.34 73 0.02 4056 429 4038 411 1437 Regression
Netherlands 13462 0.26 5076 1.21 377092 279960 177361 80229 136105 Regression
NewZealand 3600 0.07 1253 0.30 348198 212365 180465 44632 171624 Original
Nicaragua 4107 0.08 50 0.01 12239 2249 10502 512 3694 Regression
Niger 9739 0.19 13 0.00 1287 163 1165 41 492 Regression
Nigeria 95931 1.83 619 0.15 6451 4751 2004 304 1474 Regression
Norway 4184 0.08 1154 0.28 275880 153522 237201 114843 117798 Regression
Oman 3765 0.07 148 0.04 39434 17532 25974 4073 9886 Regression
Pakistan 123522 2.36 649 0.16 5258 2128 3240 111 2187 Regression
Panama 2843 0.05 125 0.03 43979 16846 33184 6051 13147 Regression
PapuaNewGuinea 4941 0.09 33 0.01 6710 2267 4670 227 1790 Regression
Paraguay 4454 0.09 53 0.01 11962 3918 9573 1529 3644 Regression
Peru 22530 0.43 383 0.09 17017 8322 10612 1917 5445 Regression
Philippines 66960 1.28 1024 0.24 15290 6168 10239 1117 3155 Regression
Poland 30315 0.58 2046 0.49 67477 21988 52716 7226 23550 Regression
Polynesia 423 0.01 16 0.00 37998 8757 32649 3408 14076 Regression
Portugal 8339 0.16 1189 0.28 142537 60320 102606 20389 61306 Regression
Qatar 2396 0.05 352 0.08 146730 102411 61198 16879 83680 Regression
Romania 15208 0.29 761 0.18 50009 12485 40702 3178 23675 Regression
Russia 111845 2.14 3038 0.73 27162 11261 18879 2978 5431 Regression
Rwanda 6581 0.13 28 0.01 4188 452 3871 135 1266 Regression
SaoTomeandPrincipe 104 0.00 0 0.00 4029 2474 2002 447 1702 Regression
SaudiArabia 24186 0.46 1662 0.40 68697 39394 33747 4445 15495 Regression
Senegal 7975 0.15 38 0.01 4702 819 4117 233 1570 Regression
Serbia 5480 0.10 174 0.04 31705 8605 24788 1688 14954 Regression
Seychelles 69 0.00 4 0.00 63427 38137 32516 7227 24651 Regression
SierraLeone 3937 0.08 4 0.00 995 518 502 26 370 Regression
Singapore 4887 0.09 1627 0.39 332995 223443 158825 49273 86717 Original
Slovakia 4346 0.08 296 0.07 68059 22947 57247 12134 45853 Regression
Slovenia 1672 0.03 201 0.05 120173 42828 87461 10117 67961 Regression
SouthAfrica 37590 0.72 763 0.18 20308 15604 8632 3928 4523 Regression
Spain 37798 0.72 8585 2.05 227122 76199 175496 24574 105831 Regression
SriLanka 14732 0.28 351 0.08 23832 5002 19515 685 8802 Regression
Sudan 21941 0.42 22 0.01 1014 598 489 73 383 Regression
Suriname 382 0.01 2 0.00 5644 2335 3966 658 1349 Regression
Sweden 7794 0.15 2620 0.63 336166 275664 137517 77016 89846 Regression
Switzerland 6958 0.13 4689 1.12 673962 465337 360993 152369 146733 Original
Syria 10811 0.21 24 0.01 2197 381 1853 37 807 Regression
Taiwan 19633 0.38 4690 1.12 238862 184061 83761 28960 93044 Regression
Tajikistan 5227 0.10 23 0.01 4390 679 3802 92 1844 Regression
Tanzania 27744 0.53 101 0.02 3647 465 3319 137 1433 Regression
Thailand 54054 1.03 1367 0.33 25292 10553 20356 5617 8036 Regression
TimorLeste 689 0.01 4 0.00 5185 662 4688 165 2838 Regression
Togo 4084 0.08 6 0.00 1484 368 1256 140 468 Regression
TrinidadandTobago 1032 0.02 46 0.01 44182 21572 28458 5849 15649 Regression
Tunisia 8207 0.16 144 0.03 17550 6382 12392 1223 6177 Regression
Turkey 57768 1.10 1587 0.38 27466 7060 23084 2678 8001 Regression
Turkmenistan 3722 0.07 76 0.02 20328 3977 16759 409 9030 Regression
Uganda 19830 0.38 40 0.01 1994 257 1843 107 646 Regression
Ukraine 34639 0.66 454 0.11 13104 4310 9300 505 2529 Regression
UnitedArabEmirates 8053 0.15 930 0.22 115476 70288 54584 9397 21613 Regression
UnitedKingdom 52568 1.00 15284 3.65 290754 189078 151862 50186 131522 Regression
UnitedStates 249969 4.78 126340 30.20 505421 417248 152945 64772 79274 Original
Uruguay 2530 0.05 154 0.04 60914 24301 38401 1787 22088 Regression
Venezuela 18359 0.35 386 0.09 21040 11454 9836 249 7341 Regression
Vietnam 68565 1.31 965 0.23 14075 3015 12291 1231 4559 Regression
Yemen 15281 0.29 85 0.02 5581 1891 3767 78 1223 Regression
Zambia 8331 0.16 26 0.01 3068 1797 1403 132 692 Regression
Zimbabwe 7086 0.14 51 0.01 7131 2275 5332 476 2356 Regression
