Afghanistan 8591 0.23 5 0.00 544 82 476 14 244 Regression
Albania 1898 0.05 13 0.01 6614 558 6115 60 3320 Regression
Algeria 16916 0.45 48 0.04 2849 910 2045 107 1139 Regression
Angola 6995 0.19 3 0.00 396 124 283 11 171 Regression
Argentina 23311 0.62 303 0.26 12980 3521 10626 1167 3214 Regression
Armenia 1992 0.05 4 0.00 2184 448 1773 38 951 Regression
Australia 13808 0.37 1500 1.27 108656 51339 78729 21413 55858 Original
Austria 6247 0.17 695 0.59 111224 48677 76843 14296 28125 Original
Azerbaijan 4845 0.13 7 0.01 1443 81 1378 15 639 Regression
Bahamas 185 0.00 8 0.01 43077 29057 33042 19022 2021 Regression
Bahrain 425 0.01 19 0.02 45569 23068 25203 2702 3205 Regression
Bangladesh 67325 1.79 72 0.06 1065 145 957 37 468 Regression
Barbados 193 0.01 7 0.01 33781 11345 28029 5593 10989 Regression
Belarus 7257 0.19 14 0.01 1984 170 1843 30 1011 Regression
Belgium 7885 0.21 1051 0.89 133252 85930 59968 12646 73974 Original
Belize 122 0.00 1 0.00 8102 1912 7094 904 2577 Regression
Benin 3094 0.08 2 0.00 576 186 410 21 252 Regression
Bolivia 4432 0.12 9 0.01 2117 1009 1349 241 551 Regression
BosniaandHerzegovina 2702 0.07 18 0.02 6712 513 6419 221 3336 Regression
Botswana 823 0.02 2 0.00 2294 2254 376 337 993 Regression
Brazil 105780 2.82 622 0.53 5882 3460 4340 1918 1125 Regression
BritishCaribbean 385 0.01 6 0.00 14769 2689 15030 2950 4598 Regression
Brunei 205 0.01 7 0.01 34088 8540 28412 2864 2717 Regression
Bulgaria 6200 0.17 24 0.02 3879 748 3215 84 1948 Regression
BurkinaFaso 4955 0.13 1 0.00 229 77 166 14 101 Regression
Burundi 2467 0.07 0 0.00 199 34 178 12 89 Regression
Cambodia 5582 0.15 3 0.00 624 121 522 19 265 Regression
Cameroon 6875 0.18 4 0.00 646 376 312 42 276 Regression
Canada 22795 0.61 2613 2.22 114618 74605 59264 19251 34297 Original
CentralAfricanRepublic 1688 0.04 0 0.00 141 97 57 13 58 Regression
Chad 3457 0.09 1 0.00 153 65 99 11 66 Regression
Chile 9939 0.26 218 0.18 21912 11285 12529 1902 5581 Regression
China 872179 23.22 3704 3.14 4247 1569 2740 62 2062 Original
Colombia 23086 0.61 93 0.08 4011 1175 3425 588 1093 Regression
Comoros 247 0.01 0 0.00 1735 436 1360 62 762 Regression
CongoDemRep. 21040 0.56 7 0.01 336 65 272 1 140 Regression
CongoRep 1493 0.04 0 0.00 277 132 198 53 115 Regression
CostaRica 2374 0.06 29 0.02 12080 2238 10522 679 3330 Regression
Croatia 3356 0.09 54 0.05 16155 4911 12102 857 8116 Regression
Cyprus 486 0.01 29 0.02 59674 41640 36812 18779 21842 Regression
Czechia 7937 0.21 91 0.08 11406 5275 7573 1442 5838 Original
Denmark 4115 0.11 454 0.39 110450 74613 73037 37199 46475 Original
Djibouti 352 0.01 0 0.00 1081 590 636 146 516 Regression
DutchCaribbean 186 0.00 7 0.01 36311 9483 31038 4210 11241 Regression
Ecuador 7044 0.19 22 0.02 3061 642 2616 197 813 Regression
Egypt 36352 0.97 205 0.17 5642 941 5030 329 1785 Regression
ElSalvador 3171 0.08 28 0.02 8745 2791 6606 652 2351 Regression
EquatorialGuinea 304 0.01 0 0.00 820 495 358 34 351 Regression
Eritrea 976 0.03 0 0.00 332 52 309 29 148 Regression
Estonia 1051 0.03 18 0.02 17545 3270 14843 568 8571 Original
Ethiopia 28669 0.76 4 0.00 126 19 116 9 57 Regression
Fiji 444 0.01 2 0.00 4562 685 4084 207 2119 Regression
Finland 3927 0.10 285 0.24 72499 30886 52104 10491 39323 Original
France 44112 1.17 4704 3.99 106643 55788 64850 13994 49203 Original
FrenchCaribbean 587 0.02 14 0.01 23329 8214 17912 2797 5607 Regression
Gabon 604 0.02 3 0.00 4241 3349 1156 264 1974 Regression
Gambia 573 0.02 1 0.00 1099 345 798 44 487 Regression
Georgia 3083 0.08 7 0.01 2264 307 1984 26 981 Regression
Germany 64137 1.71 6160 5.23 96037 49207 68580 21750 14764 Original
Ghana 9156 0.24 3 0.00 349 104 261 16 153 Regression
Greece 8696 0.23 612 0.52 70404 23542 49867 3005 30534 Original
Guinea 3564 0.09 1 0.00 292 84 219 11 124 Regression
GuineaBissau 526 0.01 0 0.00 415 163 260 8 195 Regression
Guyana 412 0.01 1 0.00 1327 249 1239 162 448 Regression
Haiti 4114 0.11 7 0.01 1619 769 944 94 417 Regression
HongKong 5092 0.14 855 0.73 167949 113509 77058 22618 61397 Regression
Hungary 7850 0.21 95 0.08 12138 4693 8079 633 5354 Original
Iceland 195 0.01 25 0.02 128500 71233 99410 42143 89944 Regression
India 587499 15.64 1553 1.32 2643 679 2136 171 795 Regression
Indonesia 125684 3.35 368 0.31 2928 656 2320 48 701 Original
Iran 35170 0.94 141 0.12 4021 178 3973 130 1708 Regression
Iraq 11001 0.29 31 0.03 2808 165 2649 6 1263 Regression
Ireland 2661 0.07 333 0.28 125286 55201 88495 18409 48404 Regression
Israel 3796 0.10 298 0.25 78456 64397 30962 16903 27066 Regression
Italy 45654 1.22 5522 4.69 120950 61488 68008 8546 64151 Original
Jamaica 1557 0.04 14 0.01 8749 2168 7371 790 2341 Regression
Japan 101353 2.70 19404 16.46 191446 120979 105485 35018 87219 Original
Jordan 2548 0.07 18 0.02 7029 3365 4589 924 3100 Regression
Kazakhstan 9433 0.25 24 0.02 2513 636 1913 37 1118 Regression
Kenya 13909 0.37 7 0.01 515 208 372 65 218 Regression
Korea 34084 0.91 1721 1.46 50503 18598 39576 7671 20375 Original
Kuwait 1321 0.04 82 0.07 62064 36741 29351 4028 8306 Regression
Kyrgyzstan 2706 0.07 2 0.00 733 55 685 7 320 Regression
Laos 2463 0.07 2 0.00 718 124 619 24 292 Regression
Latvia 1777 0.05 13 0.01 7380 2435 5192 247 3463 Original
Lebanon 2338 0.06 50 0.04 21339 4904 17938 1503 5102 Regression
Lesotho 973 0.03 0 0.00 394 164 272 42 169 Regression
Liberia 1346 0.04 1 0.00 701 120 588 7 303 Regression
Libya 2972 0.08 35 0.03 11649 5724 6633 707 4811 Regression
Lithuania 2539 0.07 23 0.02 9206 2002 7303 100 4586 Original
Luxembourg 331 0.01 60 0.05 182759 78278 129935 25454 94360 Original
Madagascar 7109 0.19 4 0.00 520 69 467 16 225 Regression
Malawi 4901 0.13 1 0.00 164 93 78 7 69 Regression
Malaysia 13371 0.36 123 0.10 9190 1502 9560 1871 2279 Regression
Maldives 134 0.00 1 0.00 5064 191 5003 131 2277 Regression
Mali 4709 0.13 1 0.00 227 113 133 18 101 Regression
Malta 288 0.01 15 0.01 52357 25114 31514 4271 29201 Regression
Mauritania 1212 0.03 1 0.00 921 202 772 52 409 Regression
Mauritius 785 0.02 9 0.01 11668 5198 7278 808 5651 Regression
Melanesia 422 0.01 5 0.00 11266 2394 9874 1003 5303 Regression
Mexico 55586 1.48 883 0.75 15893 7179 9243 529 4477 Regression
Micronesia 264 0.01 1 0.00 5129 1104 4478 453 2400 Regression
Moldova 2827 0.08 3 0.00 982 146 853 18 471 Regression
Mongolia 1310 0.03 1 0.00 849 84 789 23 379 Regression
Montenegro 433 0.01 3 0.00 6411 1246 5333 169 3289 Regression
Morocco 16280 0.43 63 0.05 3870 1142 3047 319 1684 Regression
Mozambique 8046 0.21 1 0.00 186 73 136 23 80 Regression
Myanmar 26669 0.71 44 0.04 1659 309 1354 4 768 Regression
Namibia 847 0.02 2 0.00 2734 1990 1250 506 1185 Regression
Nepal 11761 0.31 6 0.01 546 79 506 38 233 Regression
Netherlands 12086 0.32 1591 1.35 131636 90996 74442 33802 37261 Original
NewZealand 2726 0.07 216 0.18 79140 58202 30713 9775 33013 Original
Nicaragua 2491 0.07 11 0.01 4510 630 4113 234 1199 Regression
Niger 4801 0.13 1 0.00 152 47 111 6 68 Regression
Nigeria 56385 1.50 12 0.01 216 108 122 14 92 Regression
Norway 3342 0.09 322 0.27 96282 44217 81233 29168 20753 Original
Oman 1193 0.03 26 0.02 21943 7169 16114 1341 8844 Regression
Pakistan 68687 1.83 81 0.07 1172 268 931 28 523 Regression
Panama 1791 0.05 18 0.02 10000 2946 8149 1096 2638 Regression
PapuaNewGuinea 2932 0.08 3 0.00 996 296 738 38 399 Regression
Paraguay 2730 0.07 8 0.01 3062 545 2771 254 810 Regression
Peru 14742 0.39 63 0.05 4293 1590 2992 289 1151 Regression
Philippines 40294 1.07 121 0.10 3015 988 2255 228 661 Regression
Poland 27814 0.74 412 0.35 14800 2992 12334 525 7433 Regression
Polynesia 334 0.01 5 0.00 14488 2657 13173 1341 6763 Regression
Portugal 7983 0.21 418 0.35 52357 25644 37029 10317 23192 Regression
Qatar 408 0.01 15 0.01 35716 14379 23398 2061 23271 Regression
Romania 16324 0.43 83 0.07 5063 853 4247 37 2554 Regression
Russia 107679 2.87 295 0.25 2742 1041 1724 23 604 Regression
Rwanda 3537 0.09 1 0.00 188 62 144 18 80 Regression
SaoTomeandPrincipe 62 0.00 0 0.00 1793 676 1156 39 861 Regression
SaudiArabia 11021 0.29 262 0.22 23728 9636 15542 1450 2715 Regression
Senegal 4345 0.12 5 0.00 1126 365 814 53 489 Regression
Serbia 5449 0.15 11 0.01 2040 404 1754 117 1003 Regression
Seychelles 51 0.00 1 0.00 12068 4121 8583 636 5747 Regression
SierraLeone 2103 0.06 0 0.00 61 41 23 3 27 Regression
Singapore 3024 0.08 324 0.27 107007 61706 71899 26598 36640 Original
Slovakia 3907 0.10 58 0.05 14853 4129 11603 879 10929 Original
Slovenia 1540 0.04 51 0.04 32803 8188 26914 2299 20554 Original
SouthAfrica 25017 0.67 243 0.21 9702 7833 3676 1806 2668 Original
Spain 32462 0.86 2497 2.12 76919 28968 57789 9838 39842 Original
SriLanka 11992 0.32 36 0.03 3000 303 2927 230 1299 Regression
Sudan 12586 0.34 10 0.01 810 87 732 8 361 Regression
Suriname 275 0.01 1 0.00 2439 545 2008 115 747 Regression
Sweden 6753 0.18 522 0.44 77253 58889 36112 17749 24956 Original
Switzerland 5503 0.15 1273 1.08 231354 177772 107322 53740 41192 Original
Syria 7824 0.21 34 0.03 4296 202 4115 21 1861 Regression
Taiwan 15566 0.41 1437 1.22 92298 67442 43152 18295 43052 Regression
Tajikistan 2907 0.08 1 0.00 353 25 332 3 157 Regression
Tanzania 15044 0.40 7 0.01 445 117 342 14 198 Regression
Thailand 42838 1.14 269 0.23 6274 2036 5108 870 2206 Regression
TimorLeste 404 0.01 0 0.00 1149 221 939 11 598 Regression
Togo 2268 0.06 1 0.00 355 126 249 20 152 Regression
TrinidadandTobago 807 0.02 8 0.01 10455 4387 7728 1661 3548 Regression
Tunisia 5860 0.16 43 0.04 7410 1713 6027 331 3242 Regression
Turkey 37960 1.01 522 0.44 13763 3496 10615 347 3963 Regression
Turkmenistan 2427 0.06 2 0.00 769 40 736 7 348 Regression
Uganda 9471 0.25 2 0.00 186 50 149 14 81 Regression
Ukraine 36659 0.98 32 0.03 876 142 751 16 432 Regression
UnitedArabEmirates 2189 0.06 161 0.14 73648 31015 47057 4424 21760 Regression
UnitedKingdom 44376 1.18 6595 5.60 148613 111366 63027 25779 64235 Original
UnitedStates 201903 5.38 43439 36.86 215146 170211 79580 34645 46850 Original
Uruguay 2256 0.06 49 0.04 21830 6096 17796 2061 6085 Regression
Venezuela 13705 0.36 114 0.10 8321 3485 4892 56 2278 Regression
Vietnam 46980 1.25 75 0.06 1595 108 1528 42 683 Regression
Yemen 7074 0.19 8 0.01 1062 163 916 17 417 Regression
Zambia 4444 0.12 1 0.00 245 154 115 24 101 Regression
Zimbabwe 5409 0.14 2 0.00 348 297 134 83 150 Regression
